
[NumberOfWaves] 99
=================================
0.0704387      13.3333    -0.349056       2.6196
0.0762819      13.3333    -0.261792      2.38848
0.0807324      13.3333    -0.174528      1.33998
0.0835192      13.3333   -0.0872639        2.406
0.0844682      13.3333            0     0.186402
0.0835192      13.3333    0.0872639      2.96759
0.0807324      13.3333     0.174528      2.09458
0.0762819      13.3333     0.261792      6.13123
0.0704387      13.3333     0.349056      3.48985
0.0907117         12.5    -0.349056      5.31733
0.101264         12.5    -0.261792      2.56386
0.109512         12.5    -0.174528      2.90286
0.114765         12.5   -0.0872639      5.19169
0.11657         12.5            0      6.22773
0.114765         12.5    0.0872639      3.29196
0.109512         12.5     0.174528      5.81452
0.101264         12.5     0.261792      4.64327
0.0907117         12.5     0.349056      3.56516
0.107374      11.7647    -0.349056      6.08683
0.124627      11.7647    -0.261792      5.18033
0.138566      11.7647    -0.174528      6.02923
0.147643      11.7647   -0.0872639      4.06099
0.150795      11.7647            0      2.38486
0.147643      11.7647    0.0872639      2.99432
0.138566      11.7647     0.174528       5.7294
0.124627      11.7647     0.261792    0.0933268
0.107374      11.7647     0.349056     0.984507
0.12861      11.1111    -0.349056      2.96286
0.156818      11.1111    -0.261792      3.41162
0.180582      11.1111    -0.174528     0.375039
0.196494      11.1111   -0.0872639       4.1344
0.202096      11.1111            0      5.58958
0.196494      11.1111    0.0872639     0.688822
0.180582      11.1111     0.174528      2.75053
0.156818      11.1111     0.261792      1.76069
0.12861      11.1111     0.349056       6.1903
0.156828      10.5263    -0.349056      3.82483
0.203365      10.5263    -0.261792      1.59431
0.244668      10.5263    -0.174528     0.833218
0.273297      10.5263   -0.0872639      3.42427
0.283553      10.5263            0      5.20109
0.273297      10.5263    0.0872639      5.25891
0.244668      10.5263     0.174528      5.23593
0.203365      10.5263     0.261792      1.27994
0.156828      10.5263     0.349056      3.42058
0.160173           10    -0.349056      5.49727
0.224098           10    -0.261792     0.760244
0.284586           10    -0.174528      5.38045
0.328338           10   -0.0872639      5.65329
0.344348           10            0      1.36885
0.328338           10    0.0872639      0.48366
0.284586           10     0.174528      2.97949
0.224098           10     0.261792      5.24648
0.160173           10     0.349056       2.9492
0.15525      9.5238    -0.34906      2.5997
0.209      9.5238    -0.26179      3.1588
0.25823      9.5238    -0.17453     0.78814
0.29307      9.5238   -0.087264     0.83115
0.30569      9.5238           0      5.4692
0.29307      9.5238    0.087264      3.7883
0.25823      9.5238     0.17453      1.6669
0.209      9.5238     0.26179      5.4336
0.15525      9.5238     0.34906      0.3651
0.13172      9.0909    -0.34906      2.8761
0.17163      9.0909    -0.26179      4.5376
0.20719      9.0909    -0.17453      2.1299
0.2319      9.0909   -0.087264      2.5209
0.24077      9.0909           0       3.311
0.2319      9.0909    0.087264      5.6185
0.20719      9.0909     0.17453      4.8904
0.17163      9.0909     0.26179     0.43584
0.13172      9.0909     0.34906      1.7516
0.11121      8.6957    -0.34906      2.3836
0.14092      8.6957    -0.26179      5.4327
0.16678      8.6957    -0.17453      2.6386
0.18447      8.6957   -0.087264      1.5072
0.19077      8.6957           0      3.7551
0.18447      8.6957    0.087264      3.0121
0.16678      8.6957     0.17453      5.6456
0.14092      8.6957     0.26179      5.8728
0.11121      8.6957     0.34906      5.1388
0.099584      8.3333    -0.34906      4.4541
0.12321      8.3333    -0.26179      4.6697
0.14336      8.3333    -0.17453      5.6529
0.15697      8.3333   -0.087264      0.4099
0.16178      8.3333           0      2.1105
0.15697      8.3333    0.087264    0.027237
0.14336      8.3333     0.17453      5.2029
0.12321      8.3333     0.26179      3.1882
0.099584      8.3333     0.34906      2.3006
0.093606           8    -0.34906       1.424
0.11345           8    -0.26179      3.3603
0.13008           8    -0.17453      1.8188
0.14117           8   -0.087264     0.42957
0.14507           8           0     0.53387
0.14117           8    0.087264     0.42938
0.13008           8     0.17453      2.5749
0.11345           8     0.26179     0.77521
0.093606           8     0.34906      2.7835
