% 1-PFA-1-1 1-RMSA-1-1 1-PFD-1-1 1-PID-1-1
12.1453 0.128758 0.034762 0.000241404
12.0571 0.126169 0.0327765 0.000227614
11.9085 0.125579 0.0332489 0.000230896
12.1994 0.129737 0.0347782 0.000241513
12.6562 0.136355 0.0328926 0.000228421
12.2003 0.129942 0.0356736 0.00024773
12.2652 0.130237 0.0333228 0.000231409
12.3815 0.131562 0.0334607 0.000232367
12.2856 0.130598 0.0326008 0.000226395
12.1723 0.127894 0.0320217 0.000222373
12.6162 0.136113 0.0341692 0.000237286
12.5257 0.134816 0.0341986 0.000237489
12.5004 0.132938 0.0321765 0.000223447
12.0702 0.128703 0.0341128 0.000236895
12.2046 0.129868 0.034463 0.000239325
12.3364 0.131975 0.0331844 0.000230447
12.2295 0.129886 0.0327716 0.000227581
12.4694 0.133663 0.0322287 0.00022381
12.1505 0.12893 0.0346867 0.000240881
12.2484 0.130385 0.0340374 0.000236368
12.2455 0.129638 0.032143 0.000223214
12.2996 0.130469 0.0319844 0.000222115
12.0877 0.127464 0.0335757 0.000233165
12.3189 0.130727 0.0320236 0.000222386
12.1738 0.128692 0.0333774 0.000231787
12.0918 0.127478 0.0333236 0.000231415
12.4414 0.133205 0.0322878 0.000224221
12.4767 0.133653 0.0345084 0.000239642
12.2348 0.130205 0.034084 0.000236695
12.2486 0.130156 0.03351 0.000232708
12.4473 0.133156 0.0341075 0.000236857
12.0105 0.127579 0.0332977 0.000231233
12.4471 0.133192 0.0338381 0.000234987
12.3417 0.131262 0.0322287 0.000223807
11.8834 0.124736 0.0341378 0.000237068
12.4346 0.133728 0.0349622 0.000242792
11.3903 0.116892 0.0336513 0.000233689
12.2548 0.130619 0.0345244 0.000239758
12.3475 0.131207 0.0330138 0.000229263
12.1802 0.129874 0.0359962 0.000249973
12.3339 0.130807 0.0326997 0.000227082
12.1497 0.128006 0.033646 0.000233653
12.2272 0.129762 0.0346449 0.000240591
12.1939 0.128507 0.0326548 0.000226771
12.3454 0.131859 0.0330783 0.00022971
12.2273 0.12949 0.0330571 0.000229563
12.4097 0.132474 0.0340758 0.000236638
12.3521 0.131744 0.0336465 0.000233658
12.5008 0.134091 0.032812 0.000227861
12.4211 0.132039 0.0318754 0.000221358
12.4628 0.133234 0.0331193 0.000229994
12.6273 0.13498 0.032696 0.000227055
12.2087 0.13016 0.0354615 0.000246254
11.944 0.12412 0.0326387 0.000226658
12.4263 0.133222 0.0330942 0.000229821
12.4465 0.133641 0.0343064 0.00023824
12.0613 0.127334 0.0333297 0.000231456
12.3693 0.132116 0.0334815 0.00023251
12.523 0.134245 0.0336214 0.000233482
12.1572 0.129329 0.0333708 0.000231741
11.8322 0.123138 0.0332103 0.000230627
12.1122 0.127459 0.0326503 0.000226738
12.3626 0.131595 0.0334549 0.000232328
12.5727 0.135061 0.0318877 0.000221441
12.3964 0.132555 0.0329983 0.000229155
11.8865 0.125054 0.0343045 0.000238227
12.3034 0.130548 0.0335667 0.000233103
12.2975 0.131208 0.0347928 0.000241618
12.3031 0.13069 0.0335955 0.000233301
11.6025 0.120528 0.0337968 0.0002347
12.0773 0.127441 0.0333757 0.000231776
12.4573 0.133851 0.034876 0.000242195
11.8859 0.123589 0.0335722 0.000233139
11.7175 0.122161 0.0336614 0.000233759
12.4738 0.132576 0.0327889 0.000227701
12.3904 0.132137 0.0337733 0.000234537
12.1389 0.128478 0.0347385 0.00024124
11.3392 0.115792 0.0334722 0.000232446
12.0407 0.127624 0.034111 0.000236882
12.39 0.132577 0.0340082 0.000236168
12.3849 0.131063 0.0336044 0.000233365
12.0783 0.127548 0.0338402 0.000235001
12.2987 0.130864 0.0331412 0.000230147
12.2133 0.129997 0.0354 0.000245835
12.1793 0.129184 0.0331734 0.00023037
11.8844 0.12354 0.0332406 0.000230837
11.9069 0.125174 0.0341855 0.0002374
12.4373 0.132505 0.0338411 0.000235008
12.2673 0.130535 0.0338299 0.000234933
12.5897 0.133606 0.0325828 0.00022627
12.251 0.130755 0.0353574 0.000245541
12.2108 0.13013 0.0349972 0.000243028
12.5228 0.133579 0.0328452 0.000228092
12.2617 0.130285 0.0327825 0.000227659
12.3343 0.131025 0.0318839 0.000221416
12.4598 0.133591 0.0341833 0.000237386
12.1886 0.128653 0.0318227 0.000220991
11.6183 0.120422 0.0339414 0.000235704
12.2931 0.130374 0.0325238 0.00022586
12.5652 0.134962 0.0337006 0.000234032
12.5895 0.134717 0.0333864 0.00023185
12.6068 0.136171 0.0323397 0.000224582
12.242 0.129376 0.0336679 0.000233805
12.4478 0.133226 0.0343867 0.000238797
12.316 0.13086 0.0335964 0.000233308
12.4407 0.132601 0.0328281 0.000227973
12.2771 0.129823 0.0323589 0.000224714
12.2381 0.129649 0.0318856 0.000221428
12.2457 0.129471 0.0314281 0.00021826
12.2724 0.130147 0.0334748 0.000232466
12.0237 0.125263 0.0318469 0.00022116
12.317 0.131003 0.034377 0.000238729
12.5299 0.134692 0.0341241 0.000236973
12.444 0.132616 0.0336832 0.000233912
12.6479 0.136314 0.0329954 0.000229135
12.4382 0.132467 0.0335814 0.000233205
12.4942 0.133958 0.0330877 0.000229776
12.3411 0.131235 0.0330942 0.000229823
12.5381 0.135069 0.0345552 0.000239968
12.1868 0.128106 0.0327881 0.000227696
12.2398 0.130274 0.0350362 0.00024331
12.2197 0.129604 0.0333963 0.000231919
11.9043 0.125582 0.0345876 0.000240191
12.3477 0.132087 0.0341231 0.000236966
11.7823 0.123464 0.0341418 0.000237096
12.2099 0.129358 0.0331123 0.000229947
12.2915 0.13006 0.0331119 0.000229944
12.1831 0.128189 0.0321225 0.000223071
12.214 0.129049 0.0324097 0.000225065
12.3848 0.131559 0.0314922 0.000218698
12.216 0.129956 0.0352335 0.000244679
12.2712 0.130285 0.0328172 0.000227898
11.9171 0.123762 0.0334124 0.00023203
12.1945 0.129273 0.0335738 0.000233153
12.0979 0.128075 0.0337617 0.000234456
12.0483 0.127394 0.0344429 0.000239188
12.6577 0.135933 0.0329768 0.000229005
12.3744 0.131359 0.0321674 0.000223386
12.55 0.13397 0.0329277 0.000228665
12.2583 0.129845 0.0327867 0.000227681
12.199 0.128628 0.0335652 0.000233092
12.0124 0.125761 0.0327446 0.000227394
12.3642 0.130998 0.0337023 0.000234044
11.8902 0.124266 0.033138 0.000230123
11.8535 0.124628 0.0340446 0.000236422
12.3324 0.131528 0.0333907 0.00023188
12.2779 0.130397 0.0339022 0.000235438
12.5313 0.134942 0.0338781 0.000235265
11.7308 0.123124 0.0340245 0.000236281
12.3192 0.130838 0.0323314 0.000224524
12.6987 0.134795 0.0332805 0.000231115
12.2504 0.129642 0.0321723 0.000223419
12.2143 0.130066 0.0353995 0.000245832
12.2215 0.129378 0.0329054 0.00022851
12.5095 0.133751 0.0334728 0.00023245
12.2201 0.129361 0.0328312 0.000227995
12.045 0.127887 0.0333618 0.000231679
11.881 0.124496 0.033528 0.000232833
12.0333 0.12736 0.0344101 0.000238959
12.3474 0.131612 0.0334404 0.00023223
12.1604 0.12936 0.0359528 0.000249625
12.2314 0.129566 0.0328645 0.000228226
12.2453 0.12942 0.032118 0.000223043
12.3736 0.131768 0.0329538 0.000228847
12.3151 0.131214 0.033903 0.000235438
12.3862 0.13226 0.0342203 0.00023764
12.3062 0.130205 0.0316896 0.000220063
12.3233 0.130542 0.0319413 0.000221813
11.85 0.125349 0.0340445 0.00023642
12.3342 0.131996 0.0335662 0.000233098
12.1981 0.12898 0.0323296 0.000224508
11.9971 0.126959 0.034026 0.000236291
12.3936 0.131836 0.0330794 0.000229719
12.3793 0.131311 0.0339678 0.000235887
12.4979 0.134729 0.0345248 0.000239757
12.2628 0.129884 0.0326335 0.000226622
12.4793 0.133294 0.0335667 0.000233102
12.314 0.131037 0.0324514 0.000225357
12.3796 0.13215 0.0327228 0.000227242
11.7415 0.122416 0.0332276 0.000230748
12.3252 0.131713 0.0332191 0.000230688
11.9846 0.126571 0.0334116 0.000232025
12.1533 0.12853 0.0345732 0.000240092
12.2507 0.129784 0.0323221 0.000224459
12.533 0.1331 0.0328771 0.000228313
12.3242 0.130984 0.0328182 0.000227904
12.4065 0.132908 0.0334735 0.000232455
11.5699 0.119726 0.0333333 0.00023148
12.405 0.131651 0.0345619 0.000240014
12.0238 0.127391 0.0331885 0.000230476
12.3421 0.131128 0.0325066 0.00022574
12.2345 0.130371 0.0346825 0.000240857
12.0275 0.1271 0.0344415 0.000239177
12.6753 0.135575 0.0332583 0.00023096
12.0552 0.126542 0.0326239 0.000226555
12.2172 0.129673 0.0331989 0.000230548
12.5309 0.133764 0.0328849 0.000228367
12.3483 0.130985 0.0318796 0.000221385
12.5327 0.134634 0.034033 0.00023634
12.3201 0.131718 0.0346743 0.000240791
12.2871 0.130464 0.0336878 0.000233941
12.4969 0.134842 0.034149 0.000237146
12.34 0.131834 0.0333216 0.0002314
12.2387 0.129006 0.0309095 0.000214654
12.3412 0.132211 0.0333027 0.000231268
12.3099 0.130728 0.0329075 0.000228521
12.4942 0.133569 0.0333092 0.000231314
12.5263 0.132484 0.0334236 0.000232108
12.316 0.130157 0.0322212 0.000223759
12.0393 0.127577 0.034114 0.000236904
12.278 0.130249 0.032481 0.000225562
12.4714 0.134168 0.0327834 0.000227663
12.3129 0.131168 0.0337544 0.000234405
12.3222 0.130464 0.0318155 0.000220938
12.2903 0.130407 0.0338054 0.000234763
12.3447 0.130931 0.0314473 0.000218395
12.2682 0.129848 0.0321022 0.000222933
11.9305 0.123925 0.0325113 0.000225773
12.5362 0.133516 0.0335496 0.000232983
12.1483 0.127949 0.0324041 0.000225029
12.1284 0.127216 0.0328889 0.000228395
11.9522 0.125154 0.0331623 0.000230293
12.271 0.130415 0.032961 0.00022889
12.3798 0.132609 0.0331622 0.000230293
12.4316 0.1326 0.0331933 0.000230509
12.2751 0.130073 0.0323464 0.000224623
11.7188 0.122325 0.0336747 0.000233852
12.2007 0.129249 0.0336617 0.000233762
12.4126 0.13239 0.0332784 0.000231099
12.3395 0.131289 0.0333683 0.000231724
12.241 0.13031 0.0343116 0.00023828
12.264 0.128941 0.0324309 0.000225215
12.3517 0.131553 0.0334381 0.000232209
12.1902 0.128755 0.0330269 0.000229351
12.1759 0.128767 0.0334574 0.000232343
12.2402 0.12942 0.0321859 0.000223514
12.1267 0.12805 0.0326228 0.000226546
12.3065 0.131618 0.0335823 0.00023321
12.3144 0.130041 0.0335088 0.0002327
12.277 0.130238 0.0334841 0.000232528
12.0665 0.126302 0.0326612 0.000226814
12.067 0.1261 0.032086 0.000222818
12.0913 0.12754 0.0330777 0.000229706
12.0635 0.127998 0.0337372 0.000234285
12.3837 0.131641 0.0327523 0.000227446
12.3631 0.131596 0.0331032 0.000229885
12.2273 0.129814 0.034566 0.000240016
12.2388 0.130084 0.0340025 0.000236128
12.2323 0.129298 0.0331581 0.000230264
12.3031 0.130342 0.0327982 0.000227765
11.7729 0.122613 0.0331095 0.000229926
12.0106 0.127006 0.0337501 0.000234375
12.3333 0.131291 0.0325433 0.000225995
12.04 0.127152 0.0333181 0.000231376
12.1869 0.129643 0.0339481 0.00023575
12.703 0.13745 0.0339807 0.000235977
12.2088 0.128394 0.0316126 0.000219532
12.2393 0.130248 0.0348174 0.000241788
12.0309 0.127235 0.0335369 0.000232895
12.3878 0.132575 0.0325503 0.000226044
12.3218 0.131292 0.0333377 0.000231511
11.85 0.124807 0.0348255 0.000241844
12.2048 0.129384 0.0336071 0.000233384
12.1414 0.127685 0.0329571 0.000228869
12.0979 0.127429 0.0330379 0.00022943
12.2325 0.130618 0.035733 0.000248156
12.2436 0.130144 0.0348415 0.000241956
12.0362 0.127413 0.0346629 0.000240715
12.222 0.129608 0.0331786 0.000230406
12.0198 0.126139 0.0314037 0.000218081
12.2174 0.128925 0.0313615 0.000217783
11.8426 0.123792 0.0336962 0.000234001
12.3076 0.130965 0.0328653 0.000228232
12.2403 0.130225 0.0341111 0.000236887
12.2234 0.129011 0.0325689 0.000226173
12.2644 0.130521 0.0348663 0.000242129
12.3159 0.131077 0.0340006 0.000236114
12.2585 0.130154 0.0333488 0.00023159
12.2711 0.130987 0.0350941 0.00024371
12.127 0.128046 0.0333492 0.000231593
12.3163 0.13077 0.0324429 0.000225298
12.2507 0.129687 0.0318111 0.000220917
12.0217 0.127393 0.0333299 0.000231457
12.2259 0.129548 0.0347043 0.000241003
12.399 0.131695 0.032064 0.000222676
12.3943 0.13291 0.034671 0.000240769
12.3253 0.130899 0.0337563 0.00023442
12.1932 0.130246 0.0364345 0.000253029
12.321 0.131114 0.0348315 0.000241886
12.1727 0.129663 0.0331906 0.000230489
12.0626 0.127702 0.0345661 0.000240043
12.5549 0.135205 0.0337461 0.000234347
12.2994 0.130632 0.0335032 0.000232661
11.5994 0.12055 0.0341967 0.000237477
12.1249 0.127396 0.0328981 0.000228459
12.1328 0.127619 0.0324172 0.00022512
12.3754 0.131448 0.0318028 0.000220853
12.3112 0.130793 0.0330407 0.000229453
12.2975 0.13102 0.0338942 0.000235376
12.3243 0.131094 0.0330281 0.00022936
12.2563 0.130632 0.0345273 0.000239774
12.3035 0.130899 0.0326036 0.000226414
12.2282 0.129001 0.0315926 0.000219394
12.4595 0.132673 0.0329715 0.000228969
12.2098 0.129749 0.0338969 0.000235395
12.2846 0.131226 0.0342771 0.000238036
12.4779 0.132519 0.0339017 0.000235429
11.9463 0.124811 0.0326195 0.000226524
12.5261 0.134083 0.0332444 0.000230864
12.3441 0.131166 0.0330763 0.000229697
12.2281 0.130421 0.0353596 0.000245553
11.9763 0.126857 0.0343045 0.000238227
12.4171 0.132326 0.0326803 0.000226943
11.7655 0.123338 0.0341243 0.000236974
12.2683 0.130413 0.034968 0.000242834
11.8209 0.123502 0.0337473 0.000234356
12.1662 0.129014 0.0336184 0.000233461
12.2183 0.129694 0.0348694 0.00024215
12.17 0.128969 0.033314 0.000231347
12.4703 0.133077 0.0336594 0.000233746
12.3833 0.131607 0.0318828 0.000221408
12.1357 0.128232 0.0332754 0.000231079
12.5315 0.134775 0.0348821 0.000242237
12.5264 0.134607 0.0336862 0.000233932
12.0622 0.126593 0.0328283 0.000227976
12.2575 0.129627 0.0319189 0.000221659
12.3621 0.131339 0.0329528 0.000228839
12.458 0.1337 0.0326401 0.000226668
12.6604 0.13548 0.032962 0.000228902
12.3038 0.131289 0.0332646 0.000231004
12.4033 0.132118 0.0327558 0.000227472
12.1658 0.128266 0.0325775 0.000226233
12.0012 0.126313 0.0340163 0.000236224
12.3718 0.131787 0.0334028 0.000231965
12.3321 0.131194 0.033839 0.000234993
12.0529 0.127039 0.034539 0.000239855
12.0416 0.125583 0.0327346 0.000227324
12.4327 0.132713 0.0338997 0.000235415
12.1794 0.128796 0.0324536 0.000225372
11.9374 0.125691 0.0339342 0.000235654
11.912 0.125309 0.0340014 0.000236121
12.2441 0.130248 0.0338285 0.000234921
12.2952 0.130753 0.0341896 0.000237426
12.3709 0.13143 0.0318653 0.000221285
12.246 0.129138 0.0311259 0.00021616
12.1948 0.129187 0.0338347 0.000234963
12.4945 0.13325 0.0332617 0.000230984
12.0475 0.125621 0.0315151 0.000218857
12.2745 0.130181 0.0334358 0.000232195
12.2361 0.130047 0.0335574 0.000233037
12.2926 0.130686 0.0333436 0.000231553
12.4212 0.132493 0.0337416 0.000234317
12.3983 0.131453 0.0328658 0.000228235
12.2062 0.130027 0.0355723 0.000247034
12.3033 0.131757 0.0355204 0.00024667
12.2175 0.129671 0.0341035 0.000236831
12.4278 0.132382 0.031769 0.000220617
12.3256 0.130993 0.0335634 0.00023308
12.2008 0.129157 0.0325307 0.000225903
12.3104 0.130876 0.0332237 0.00023072
11.7879 0.123784 0.0336203 0.000233473
12.6951 0.138036 0.0328218 0.000227929
12.2633 0.12928 0.0326462 0.00022671
12.2324 0.130141 0.0326672 0.000226856
12.3124 0.131242 0.0337739 0.00023454
12.2606 0.130613 0.0337292 0.00023423
12.0567 0.127126 0.0331731 0.000230369
11.9991 0.126739 0.0344009 0.000238895
12.2498 0.129718 0.0324882 0.000225612
12.2083 0.129051 0.0325902 0.000226322
11.9366 0.126012 0.034127 0.000236993
11.9751 0.124858 0.0324405 0.000225282
12.0249 0.127055 0.0348009 0.000241672
12.37 0.130112 0.0341627 0.000237241
12.478 0.133294 0.0333199 0.000231388
12.41 0.13324 0.0333824 0.000231821
12.2203 0.129993 0.0340772 0.000236647
12.3675 0.131743 0.033085 0.000229757
12.4186 0.132518 0.0336282 0.000233528
12.2059 0.129544 0.0326517 0.000226748
12.9832 0.141273 0.0342705 0.00023799
12.1926 0.128208 0.0314552 0.000218442
12.4777 0.133169 0.0335138 0.000232735
12.2711 0.130143 0.0330109 0.000229237
12.338 0.131723 0.0324367 0.000225255
12.3836 0.131865 0.0331312 0.000230077
12.7854 0.139124 0.0342819 0.000238069
12.2444 0.129089 0.0311089 0.000216039
12.2679 0.130321 0.033438 0.000232207
12.6596 0.135679 0.0325304 0.000225906
12.3238 0.130473 0.0316294 0.000219644
11.8459 0.124307 0.0340344 0.000236349
12.1979 0.129615 0.0343307 0.000238408
12.0792 0.127234 0.0334598 0.000232359
12.1499 0.128785 0.0332169 0.000230673
12.3363 0.129904 0.0325698 0.00022618
12.2073 0.130103 0.0350228 0.00024321
12.6381 0.136494 0.0342634 0.00023794
12.2108 0.129443 0.0341464 0.000237128
12.3415 0.13184 0.0337534 0.000234398
12.1258 0.127591 0.0334887 0.00023256
12.5225 0.134233 0.0337008 0.000234033
12.0282 0.127473 0.0334322 0.000232168
12.3644 0.131748 0.033083 0.000229745
12.2009 0.129364 0.0346803 0.000240835
12.4625 0.133028 0.0334657 0.000232401
12.358 0.131955 0.0332466 0.00023088
12.2774 0.13041 0.0327619 0.000227514
12.2359 0.130254 0.0342377 0.000237759
12.2121 0.129697 0.0349685 0.000242838
12.3018 0.13039 0.0317396 0.000220414
12.6102 0.133981 0.0329679 0.000228943
12.1875 0.128168 0.0317063 0.000220181
12.4262 0.132721 0.0331502 0.000230209
11.8683 0.125098 0.0340832 0.000236688
12.2914 0.130201 0.0337366 0.000234282
12.284 0.130679 0.0345558 0.00023997
11.5935 0.120536 0.0341974 0.000237482
12.2301 0.130423 0.0351576 0.00024414
12.1356 0.127949 0.0324553 0.000225385
12.211 0.1298 0.0346434 0.00024058
12.2287 0.129727 0.0333608 0.000231673
12.1772 0.129799 0.0355699 0.00024701
12.2589 0.129406 0.0316514 0.000219799
11.5218 0.119667 0.033976 0.000235944
12.2136 0.12969 0.0336163 0.000233448
12.7715 0.138417 0.0339274 0.000235606
12.2337 0.130161 0.033221 0.0002307
12.2625 0.131737 0.0334955 0.000232607
12.1921 0.129053 0.0332918 0.000231194
11.976 0.124774 0.0326049 0.000226423
12.222 0.129735 0.0334986 0.00023263
12.4596 0.133163 0.0326896 0.000227011
12.2365 0.130128 0.0337288 0.000234227
12.2603 0.129532 0.0325886 0.00022631
12.219 0.128954 0.0341699 0.000237291
12.289 0.131189 0.0345769 0.000240119
11.8775 0.124221 0.0316766 0.000219976
12.2313 0.130086 0.0339706 0.000235914
12.1539 0.128833 0.0336022 0.000233349
12.1517 0.128668 0.0329295 0.000228675
12.308 0.131891 0.0329764 0.000229002
12.3208 0.131772 0.0328614 0.000228204
12.1778 0.128038 0.0319107 0.0002216
12.3471 0.13135 0.0331256 0.00023004
12.2316 0.130482 0.034201 0.000237508
12.3093 0.13076 0.0337888 0.000234645
11.6739 0.121673 0.0340841 0.000236695
11.9464 0.1251 0.0314664 0.000218515
11.6286 0.12003 0.033611 0.000233409
12.2517 0.130582 0.0344217 0.000239042
12.4508 0.132396 0.0314981 0.000218752
11.9492 0.12491 0.0324699 0.000225485
12.2352 0.130649 0.0356988 0.000247915
12.3522 0.131432 0.0334919 0.000232583
11.833 0.123293 0.0330555 0.000229551
12.052 0.127724 0.0344228 0.000239048
12.4114 0.13257 0.033532 0.000232862
12.6463 0.135008 0.0323256 0.000224483
12.2453 0.13026 0.0335278 0.000232832
12.3336 0.131529 0.0328047 0.000227811
12.0756 0.127583 0.0333286 0.000231449
12.415 0.133063 0.0344557 0.000239276
12.2019 0.128868 0.032898 0.000228458
12.5931 0.135373 0.0328515 0.000228136
12.2767 0.130751 0.0339916 0.00023605
11.9703 0.125625 0.0329443 0.00022878
12.1419 0.127648 0.032724 0.000227251
12.271 0.130892 0.0347759 0.000241501
12.1263 0.127963 0.0342835 0.00023808
12.294 0.1304 0.0345589 0.000239993
12.4276 0.132098 0.0311892 0.000216599
12.0351 0.126528 0.0331427 0.000230155
11.7763 0.123294 0.0332326 0.000230782
12.3299 0.13047 0.0312603 0.000217078
12.402 0.132972 0.0345354 0.000239828
12.2917 0.130851 0.0331505 0.000230212
11.654 0.12088 0.0334914 0.000232578
11.9957 0.126404 0.0341384 0.000237072
12.5263 0.133777 0.0324835 0.000225578
12.3239 0.130958 0.0346951 0.000240939
12.5343 0.133045 0.0327545 0.000227462
12.3996 0.132911 0.0339078 0.000235471
12.2763 0.131174 0.0352095 0.00024451
12.3026 0.129635 0.0340091 0.000236175
12.2583 0.130555 0.035065 0.000243508
12.2831 0.129933 0.0321488 0.000223254
12.2692 0.130672 0.0350031 0.000243079
12.2442 0.130269 0.0332639 0.000230999
11.987 0.125417 0.0337088 0.000234088
12.2487 0.129894 0.0338224 0.000234883
12.4285 0.131997 0.0339292 0.00023562
12.3531 0.13148 0.0334951 0.000232602
12.2351 0.130012 0.0343127 0.000238284
12.3722 0.131889 0.0321967 0.000223589
12.3737 0.132485 0.034251 0.000237855
11.8984 0.123489 0.0322397 0.000223887
11.8818 0.124325 0.0331834 0.000230438
12.2688 0.130055 0.0327954 0.00022774
12.237 0.130188 0.0346191 0.000240411
12.6068 0.13488 0.033515 0.000232743
12.3222 0.131511 0.0328729 0.000228285
12.6819 0.137421 0.0339974 0.000236094
12.4789 0.133617 0.0334602 0.000232362
11.9081 0.125638 0.0342624 0.000237934
12.2653 0.130173 0.0334092 0.000232005
12.2517 0.130535 0.0342878 0.000238113
11.9758 0.126035 0.0333049 0.000231284
11.9806 0.124545 0.0333216 0.0002314
12.7097 0.136531 0.03303 0.000229375
12.4543 0.133613 0.0348041 0.000241696
11.8647 0.1247 0.0342104 0.000237572
12.2654 0.131124 0.034343 0.000238494
12.2169 0.129651 0.0327128 0.000227172
12.1911 0.128556 0.0325277 0.000225886
11.861 0.123546 0.0327295 0.000227288
12.3743 0.131445 0.0327409 0.000227367
11.9599 0.126533 0.034014 0.000236208
11.8123 0.123718 0.0334381 0.000232209
12.1877 0.128723 0.0329609 0.000228895
12.1899 0.129246 0.0346246 0.000240447
12.3448 0.130973 0.0323601 0.000224723
12.4539 0.133099 0.0335122 0.000232724
12.235 0.130458 0.0330371 0.000229425
12.691 0.135613 0.0324083 0.000225057
11.92 0.123792 0.0325348 0.000225937
12.2916 0.130621 0.0329662 0.000228932
12.4245 0.13319 0.0329336 0.000228705
12.4742 0.133816 0.0335679 0.000233111
12.2412 0.130225 0.0347857 0.000241569
12.3262 0.131106 0.0324413 0.000225287
12.1718 0.127842 0.0314227 0.000218216
12.3253 0.130831 0.0327624 0.000227517
12.3097 0.130852 0.0333755 0.000231774
12.376 0.132128 0.0336276 0.000233531
12.261 0.130013 0.0331526 0.000230228
12.1402 0.129028 0.0344829 0.000239507
11.9872 0.126236 0.0333892 0.00023187
12.3425 0.132524 0.0330403 0.000229446
12.2602 0.129973 0.0333663 0.000231721
12.2969 0.130773 0.0340138 0.000236207
12.3628 0.131656 0.0336045 0.000233367
12.401 0.132288 0.0321172 0.000223037
12.2453 0.129923 0.033973 0.000235938
12.2716 0.13066 0.0337773 0.000234565
12.3745 0.132163 0.0326672 0.000226855
12.2641 0.130483 0.0329882 0.000229084
12.1247 0.127824 0.0336888 0.00023395
12.3995 0.133022 0.0336313 0.000233551
12.242 0.130577 0.0352964 0.000245118
12.1248 0.127386 0.0321842 0.000223502
11.8944 0.125538 0.0331382 0.000230125
12.4429 0.132073 0.0329524 0.000228836
12.2063 0.131302 0.033417 0.000232062
12.3569 0.131422 0.0331759 0.00023039
11.7667 0.123072 0.0335758 0.000233165
12.2358 0.129046 0.0309427 0.000214885
12.1905 0.129527 0.0348874 0.000242271
12.3997 0.13293 0.0344083 0.000238947
12.2649 0.129988 0.0326718 0.000226883
12.3492 0.131256 0.0319808 0.000222088
12.228 0.128909 0.032057 0.000222617
11.4788 0.118631 0.0338339 0.000234958
11.4267 0.11752 0.0339916 0.000236053
12.0261 0.127074 0.0336727 0.000233839
12.3924 0.132172 0.0330111 0.000229243
12.2309 0.129233 0.0321797 0.000223471
12.1398 0.129353 0.0340064 0.000236156
12.3375 0.13095 0.0324574 0.000225398
12.4638 0.132744 0.0318191 0.000220965
12.3877 0.131782 0.0320314 0.000222445
12.2772 0.1308 0.0340782 0.00023666
12.3631 0.131695 0.0323222 0.00022446
12.3181 0.13093 0.0323592 0.000224721
11.9326 0.124918 0.0332078 0.00023061
12.179 0.128067 0.033534 0.000232876
12.2707 0.13038 0.033442 0.00023222
12.1876 0.129642 0.0344652 0.000239342
12.2175 0.129003 0.0325168 0.000225811
12.4099 0.132158 0.0329332 0.000228704
12.2991 0.130806 0.033321 0.000231398
12.0618 0.126048 0.0320776 0.000222761
12.4185 0.132809 0.0325188 0.000225825
11.8098 0.123599 0.0333473 0.000231578
12.3814 0.131953 0.0335385 0.000232905
12.6006 0.134631 0.0325588 0.000226103
12.28 0.130946 0.0341453 0.00023712
11.97 0.126204 0.0339922 0.000236057
12.1316 0.128533 0.0339237 0.000235581
12.2694 0.129899 0.0324039 0.000225026
11.5609 0.120138 0.0339522 0.00023578
12.2448 0.130626 0.0352458 0.000244763
12.2994 0.130624 0.0334922 0.000232585
12.2014 0.129156 0.0330793 0.000229717
12.4182 0.132712 0.0332979 0.000231236
12.6879 0.135629 0.0337308 0.000234243
12.6375 0.135388 0.0329068 0.000228519
11.9136 0.124108 0.0328615 0.000228204
12.2744 0.130136 0.0341396 0.000237082
11.9706 0.126143 0.0339521 0.000235779
12.2194 0.128966 0.0327158 0.000227193
12.1218 0.128175 0.0329597 0.000228886
12.2982 0.130496 0.032171 0.000223411
12.3569 0.131762 0.0341063 0.000236851
12.3396 0.131351 0.0321249 0.00022309
12.2085 0.129721 0.0338077 0.000234776
12.22 0.12919 0.0322701 0.000224098
11.9534 0.124053 0.0333882 0.000231862
12.0362 0.127385 0.0345667 0.000240047
12.2108 0.129168 0.0325531 0.000226064
12.2359 0.129506 0.0322364 0.000223864
12.0278 0.12709 0.0344646 0.000239338
12.1385 0.127939 0.0327036 0.000227109
12.3286 0.131962 0.0332655 0.00023101
12.4673 0.133971 0.03429 0.000238126
12.2284 0.130453 0.0353116 0.000245219
11.8762 0.123051 0.0321888 0.000223533
12.5249 0.133688 0.0327595 0.000227496
11.7561 0.123298 0.0341343 0.000237044
11.5596 0.119192 0.0335449 0.00023295
12.3458 0.131737 0.0325432 0.000225995
12.3054 0.130489 0.0319796 0.000222081
12.1083 0.127931 0.0346658 0.000240734
12.5177 0.133959 0.0329088 0.000228533
12.0588 0.126256 0.0323844 0.000224891
12.2577 0.130644 0.034123 0.000236966
12.3619 0.13099 0.0336538 0.000233707
12.156 0.127927 0.0322238 0.000223777
12.3962 0.132738 0.0343817 0.000238764
12.6354 0.134946 0.0331621 0.000230292
12.2005 0.129476 0.0331566 0.000230254
12.0435 0.127324 0.0343005 0.000238199
12.0886 0.128465 0.0332916 0.000231191
12.2566 0.129782 0.0322312 0.000223828
12.0292 0.127213 0.0347863 0.00024157
12.0023 0.126081 0.0317208 0.000220283
12.1196 0.12866 0.0334731 0.000232452
12.2147 0.129845 0.0347711 0.000241468
12.3663 0.131729 0.0327749 0.000227605
12.2179 0.130089 0.0353154 0.000245247
12.118 0.128356 0.0333109 0.000231325
12.5465 0.135016 0.0322471 0.000223937
12.2761 0.130942 0.0344247 0.000239062
12.5944 0.133568 0.0333107 0.000231324
12.3284 0.131299 0.0331893 0.000230481
12.004 0.125515 0.0333219 0.000231402
12.144 0.127368 0.0312815 0.000217233
12.1967 0.128509 0.0324162 0.000225112
12.3904 0.13229 0.0323984 0.000224989
12.2579 0.130238 0.033725 0.000234202
12.4067 0.132342 0.0329144 0.000228572
12.3061 0.130678 0.032799 0.000227771
12.4802 0.13466 0.0327237 0.000227248
11.8207 0.122744 0.0335039 0.000232666
12.2179 0.12889 0.0316351 0.000219687
12.2406 0.130153 0.0336582 0.000233738
12.4879 0.132557 0.0326744 0.000226905
12.1483 0.126995 0.0332522 0.000230918
12.3671 0.132045 0.0330282 0.000229364
12.3262 0.131638 0.0343935 0.000238846
12.3075 0.130773 0.0335439 0.000232944
12.3433 0.131768 0.0333523 0.000231613
12.1804 0.129954 0.0361147 0.000250791
12.2364 0.130836 0.0331702 0.000230348
12.3786 0.132001 0.0320522 0.000222585
12.411 0.132791 0.0329961 0.00022914
12.2636 0.12993 0.0325588 0.000226096
12.2798 0.130306 0.0322959 0.000224277
12.0114 0.126582 0.0337623 0.00023446
12.2423 0.130264 0.0340402 0.00023639
12.0436 0.126257 0.0325188 0.000225826
12.5458 0.136096 0.0331438 0.000230164
12.3628 0.131416 0.0320943 0.000222881
12.1471 0.129063 0.0330169 0.000229284
12.4197 0.131567 0.0325568 0.000226088
12.2667 0.130731 0.0348334 0.000241899
12.1705 0.129607 0.0330773 0.000229704
12.3925 0.132557 0.0336113 0.000233411
11.9343 0.12453 0.0325799 0.000226249
12.5087 0.134266 0.0339965 0.000236087
12.4058 0.133091 0.0349846 0.000242949
12.3903 0.132186 0.0338073 0.000234772
12.2756 0.130147 0.0330331 0.000229398
12.2777 0.13025 0.0341358 0.000237054
12.2657 0.129566 0.0319985 0.000222211
12.1907 0.128491 0.0315823 0.000219322
12.1696 0.127962 0.0321673 0.000223385
12.2734 0.130176 0.0330906 0.000229792
12.612 0.13561 0.0327714 0.000227579
12.4396 0.13358 0.0346866 0.000240877
12.3397 0.132671 0.0332005 0.000230558
12.6921 0.137028 0.0329268 0.000228658
12.4315 0.131641 0.0329615 0.000228899
12.5416 0.134476 0.0334461 0.000232268
12.2096 0.129 0.0328001 0.00022778
12.2298 0.129034 0.0315403 0.000219028
12.307 0.1317 0.0330322 0.00022939
12.2362 0.129412 0.032249 0.00022395
12.2347 0.130155 0.0340473 0.000236446
12.5846 0.135113 0.0340779 0.000236652
12.2712 0.130616 0.0338885 0.000235338
11.9291 0.12581 0.0336357 0.000233581
12.2524 0.129833 0.0323662 0.000224766
12.2101 0.1286 0.0322706 0.000224102
12.1283 0.128073 0.0327498 0.000227429
12.3129 0.131041 0.032034 0.000222459
12.2759 0.130205 0.033886 0.000235324
12.3005 0.130776 0.0335726 0.000233143
12.3049 0.130551 0.0320502 0.000222572
12.1787 0.128983 0.0334032 0.000231968
11.5925 0.120708 0.034267 0.000237966
12.325 0.130777 0.0328728 0.000228284
12.6196 0.136732 0.0330573 0.000229564
12.4133 0.131666 0.0327233 0.000227245
12.3484 0.13174 0.0333677 0.000231721
12.1376 0.129494 0.0339609 0.000235839
12.3615 0.132361 0.033011 0.000229243
12.2533 0.130653 0.0350299 0.000243265
11.9766 0.127427 0.0334889 0.000232561
12.004 0.127162 0.0334366 0.000232198
12.3568 0.132433 0.0349738 0.000242872
12.3642 0.131678 0.0323788 0.000224853
12.3926 0.132368 0.033936 0.000235668
12.2171 0.130111 0.0338956 0.000235386
12.4484 0.133556 0.0337548 0.000234407
12.6775 0.136002 0.0329522 0.000228834
12.2033 0.129804 0.0352941 0.000245099
12.275 0.130783 0.0342044 0.000237529
12.3044 0.130875 0.0325551 0.000226077
12.4067 0.133009 0.0327671 0.000227549
12.2666 0.130059 0.0343817 0.000238761
12.444 0.132973 0.0328703 0.000228266
11.8674 0.125049 0.034009 0.000236174
12.301 0.130771 0.0332298 0.000230762
12.0683 0.126328 0.0322815 0.000224178
12.3128 0.130386 0.0313391 0.000217636
12.2242 0.12901 0.0312703 0.00021715
12.0419 0.127432 0.0344243 0.000239058
12.2829 0.13104 0.034841 0.000241903
12.1775 0.127402 0.0334216 0.000232094
12.3583 0.131163 0.031808 0.000220888
12.1094 0.128286 0.0338756 0.000235246
12.0569 0.127732 0.0343652 0.000238648
12.4871 0.133703 0.0335044 0.00023267
12.2357 0.129921 0.0338444 0.000235031
12.442 0.134036 0.0330197 0.000229303
12.0811 0.127859 0.0338563 0.000235113
12.6661 0.136613 0.0342865 0.000238101
12.0145 0.127168 0.0333963 0.000231918
12.2489 0.130003 0.0335033 0.000232659
12.3082 0.131487 0.0342079 0.000237555
12.231 0.130261 0.0344838 0.000239468
12.2324 0.130753 0.0331504 0.000230211
11.4087 0.116914 0.0334852 0.000232536
12.3747 0.131882 0.0320985 0.000222906
12.1479 0.129497 0.0332419 0.000230847
12.4445 0.132973 0.0327227 0.000227241
12.3434 0.130843 0.0324027 0.000225019
12.3738 0.131373 0.0344791 0.000239439
12.3964 0.132446 0.0332492 0.000230898
12.1818 0.128732 0.0324183 0.000225128
12.4899 0.133439 0.0315411 0.000219036
12.2142 0.129835 0.0339108 0.000235496
11.846 0.124421 0.0338264 0.000234906
12.1174 0.127628 0.0326304 0.000226601
12.5186 0.133829 0.0337995 0.000234718
11.6686 0.121908 0.0338493 0.000235065
12.3796 0.132079 0.0340814 0.000236679
12.324 0.130551 0.0322621 0.000224042
12.3044 0.130354 0.0329851 0.000229062
12.477 0.133905 0.0324347 0.000225241
12.2408 0.130092 0.0327195 0.000227219
12.271 0.130444 0.0336384 0.000233601
12.354 0.131526 0.0335768 0.000233175
12.373 0.132463 0.0331346 0.000230102
12.0027 0.12594 0.0337817 0.000234595
12.2781 0.130404 0.032766 0.000227542
11.9687 0.126349 0.0339062 0.00023546
12.3607 0.132379 0.0330016 0.000229177
12.4655 0.132472 0.0328571 0.000228174
12.1846 0.129428 0.0333663 0.00023171
12.4447 0.133241 0.03437 0.000238681
12.0462 0.127239 0.0333231 0.00023141
12.2114 0.130035 0.0354516 0.000246194
12.4071 0.131886 0.0327159 0.000227193
12.3244 0.130449 0.0322856 0.000224206
12.9015 0.139108 0.032824 0.000227945
12.4198 0.132385 0.0336409 0.000233617
12.0358 0.126336 0.0327768 0.000227617
11.9027 0.125135 0.0332803 0.000231113
11.7746 0.122933 0.0339089 0.000235478
12.3666 0.131755 0.0334228 0.000232106
12.3858 0.131653 0.0335664 0.000233103
12.2434 0.129904 0.0326443 0.000226696
12.1299 0.128371 0.0343078 0.000238249
11.8362 0.12421 0.0335995 0.00023333
12.382 0.131778 0.0322242 0.000223783
12.2429 0.130383 0.0343835 0.000238774
12.2929 0.130732 0.0327616 0.000227512
12.1461 0.129403 0.0363155 0.000252189
12.308 0.131043 0.0339203 0.000235556
12.0071 0.12533 0.0327094 0.000227149
11.9726 0.125829 0.0331753 0.000230384
12.3622 0.132298 0.0328405 0.000228059
12.269 0.130283 0.0333724 0.000231747
11.5886 0.120549 0.0342236 0.000237664
12.2458 0.129568 0.0326289 0.00022659
12.0486 0.126737 0.0329023 0.000228489
12.6137 0.135477 0.0332147 0.000230657
12.059 0.126131 0.0322913 0.000224245
12.2224 0.130143 0.0353184 0.000245269
12.0819 0.125942 0.0334329 0.000232172
12.4475 0.132478 0.0334128 0.000232033
12.4064 0.132449 0.0338512 0.000235079
12.3138 0.13116 0.0340718 0.000236607
12.4932 0.133748 0.0340052 0.000236149
12.2654 0.130494 0.033933 0.00023565
12.2307 0.129938 0.0336591 0.000233745
12.2003 0.128538 0.033432 0.000232166
12.6783 0.13582 0.0337726 0.000234533
12.2274 0.129881 0.0343303 0.000238406
12.2396 0.129985 0.0324276 0.000225192
12.284 0.129689 0.0309855 0.00021517
12.1567 0.128611 0.0329982 0.000229152
12.392 0.131958 0.0330878 0.000229773
11.9926 0.12543 0.0327424 0.000227379
12.1273 0.127884 0.0329824 0.000229045
11.7887 0.122809 0.0332122 0.000230639
12.4226 0.132293 0.0325948 0.000226349
12.0301 0.127308 0.0343771 0.00023873
11.5761 0.119774 0.0333852 0.000231842
12.2393 0.129628 0.0323163 0.00022442
12.5389 0.134432 0.0330491 0.000229507
12.2425 0.129286 0.0317173 0.000220259
12.2989 0.130006 0.0307538 0.000213565
12.3283 0.130757 0.0343068 0.000238242
12.4684 0.132594 0.0321329 0.000223144
12.2977 0.130829 0.0332071 0.000230601
12.015 0.12575 0.0336876 0.000233942
12.3734 0.131993 0.0338716 0.000235219
12.3582 0.131522 0.0330377 0.000229428
12.5786 0.135967 0.0345009 0.000239589
12.0325 0.127153 0.0332318 0.000230776
12.3074 0.13129 0.0342344 0.000237738
12.3606 0.131575 0.0324151 0.000225105
12.4845 0.13413 0.0327444 0.000227391
12.2092 0.128572 0.0318374 0.000221091
12.3782 0.131958 0.0321226 0.000223072
12.0556 0.127706 0.0344484 0.000239225
12.4796 0.133393 0.0327074 0.000227135
12.1846 0.128934 0.0330804 0.000229725
12.3912 0.132072 0.0334831 0.000232523
11.9175 0.125845 0.0341818 0.000237374
12.242 0.129467 0.0332329 0.000230784
12.2564 0.130469 0.0340186 0.00023624
12.3507 0.132253 0.0350504 0.000243407
12.2523 0.130172 0.034793 0.000241619
12.2335 0.130138 0.0348447 0.000241979
12.1956 0.129338 0.0341362 0.000237057
12.2958 0.131062 0.0327094 0.000227149
12.4091 0.132575 0.0341285 0.000237004
11.6193 0.120344 0.0334649 0.000232396
12.3041 0.130838 0.0328439 0.000228083
12.1437 0.12806 0.0322165 0.000223722
12.0149 0.126268 0.0337568 0.000234422
12.2834 0.130629 0.0338006 0.000234722
11.8748 0.125484 0.0340516 0.000236469
12.1834 0.128027 0.0323135 0.0002244
12.0588 0.126353 0.0324423 0.000225294
12.2891 0.131202 0.0345226 0.000239742
12.3954 0.132433 0.0344205 0.000239031
12.6424 0.134828 0.0337542 0.000234404
12.281 0.130523 0.0322788 0.00022416
12.325 0.131629 0.0329303 0.000228682
12.2259 0.1288 0.0306701 0.000212992
11.8388 0.124648 0.0338334 0.000234954
12.2254 0.128912 0.0315892 0.000219377
12.1049 0.127351 0.032999 0.000229161
12.4722 0.134244 0.0346648 0.000240726
11.4322 0.116937 0.0334011 0.000231951
12.5835 0.135508 0.0345387 0.000239852
12.314 0.130447 0.0330903 0.000229793
12.4516 0.133343 0.0330064 0.000229211
12.4151 0.13305 0.0328267 0.000227963
12.4919 0.133437 0.0336609 0.000233757
12.3741 0.131669 0.0328541 0.000228153
12.4727 0.133005 0.0321332 0.000223147
12.2853 0.130663 0.032959 0.000228882
12.5683 0.133402 0.0326083 0.000226447
11.438 0.117144 0.0335158 0.000232748
12.235 0.130102 0.0338379 0.000234993
12.1705 0.129076 0.0335207 0.000232785
12.3624 0.131742 0.0334158 0.000232055
12.3408 0.131221 0.0321623 0.000223346
12.794 0.138431 0.0339723 0.000235918
12.483 0.134165 0.0329037 0.000228498
11.814 0.123631 0.0332904 0.000231183
12.3291 0.131126 0.0322904 0.000224239
12.1311 0.128346 0.0343443 0.000238503
12.0396 0.126528 0.0328665 0.00022824
12.4204 0.133273 0.0350496 0.000243401
12.6695 0.136852 0.032825 0.000227951
12.3216 0.130479 0.031337 0.000217612
12.2423 0.130236 0.0348872 0.000242267
12.6787 0.136642 0.0326115 0.000226469
12.5434 0.133694 0.033533 0.000232868
12.1769 0.128369 0.0322608 0.000224034
12.3228 0.1308 0.0325508 0.000226047
12.2123 0.128051 0.0336604 0.000233753
12.2673 0.130072 0.0323382 0.000224571
12.6526 0.13499 0.0331036 0.000229886
12.37 0.132279 0.0330511 0.000229522
12.4351 0.132262 0.0316471 0.000219774
12.2191 0.130118 0.0351794 0.000244298
12.1145 0.128659 0.0349933 0.000243009
12.5594 0.135353 0.0342084 0.000237558
12.2564 0.129881 0.0324845 0.000225587
12.4453 0.131892 0.032644 0.000226694
12.4667 0.133454 0.0325621 0.000226126
12.3415 0.130774 0.031576 0.000219273
12.2431 0.130251 0.0343663 0.000238655
12.2714 0.130439 0.0325806 0.000226256
12.3512 0.131877 0.0332447 0.000230865
12.5536 0.135037 0.0345805 0.000240144
12.2595 0.12997 0.0328021 0.000227792
11.9178 0.12571 0.0345067 0.00023963
12.2082 0.129979 0.0354158 0.000245944
12.3001 0.130907 0.0332986 0.000231236
12.2633 0.129991 0.032613 0.000226475
11.6499 0.121509 0.0341796 0.000237359
12.2191 0.129907 0.0332834 0.000231134
12.5442 0.134625 0.0337451 0.000234341
12.2601 0.130814 0.0349442 0.00024267
12.4339 0.132806 0.0328198 0.000227915
12.3406 0.131425 0.033701 0.000234035
11.6726 0.121772 0.0338673 0.000235189
12.2491 0.13039 0.0342002 0.000237507
12.1724 0.129441 0.0332608 0.000230978
12.4623 0.132597 0.0337636 0.00023447
12.0754 0.127887 0.0330275 0.000229358
12.3991 0.132936 0.0341548 0.000237187
12.2598 0.130892 0.0351908 0.000244373
12.157 0.127874 0.0324262 0.000225181
12.1182 0.127632 0.0346352 0.000240523
12.5456 0.135471 0.0345433 0.000239885
12.1929 0.12892 0.0319714 0.000222018
12.2118 0.128691 0.0315267 0.000218936
12.1476 0.128705 0.0346746 0.000240794
11.7298 0.122139 0.0334098 0.000232013
12.419 0.133827 0.0329744 0.000228989
12.0331 0.126357 0.0326707 0.00022688
12.386 0.131839 0.0326348 0.000226631
12.2834 0.130388 0.0320747 0.000222741
12.0711 0.127554 0.0334893 0.000232565
12.3244 0.131134 0.0332733 0.000231064
11.7639 0.122358 0.0327724 0.000227585
12.3937 0.131194 0.0327049 0.000227117
12.3169 0.131085 0.0324477 0.000225332
12.2587 0.13062 0.0337223 0.000234182
12.5508 0.134297 0.033493 0.000232591
12.3502 0.131762 0.0330762 0.000229696
12.334 0.130579 0.031883 0.000221414
11.9556 0.124863 0.0330283 0.000229363
12.2907 0.130436 0.032322 0.00022446
12.4193 0.133226 0.0326281 0.000226583
12.2629 0.130653 0.0348365 0.000241921
12.2755 0.13014 0.03268 0.000226939
12.4371 0.133597 0.0345201 0.000239722
12.5083 0.13416 0.0327438 0.000227387
12.051 0.127602 0.0343155 0.000238302
12.2883 0.130858 0.0338037 0.000234746
12.3528 0.130979 0.0320142 0.000222323
12.3599 0.131693 0.0330022 0.000229184
11.9025 0.125326 0.0343992 0.000238884
12.2582 0.130785 0.0352252 0.000244622
12.2516 0.130062 0.0328696 0.000228266
12.3553 0.132683 0.0330521 0.000229529
12.2457 0.128838 0.0324602 0.000225417
12.2442 0.129391 0.0317601 0.000220557
11.8182 0.124334 0.0341305 0.000237017
12.2164 0.129021 0.0313863 0.000217966
12.2618 0.130337 0.0333157 0.00023136
12.2591 0.129957 0.0323171 0.000224423
12.3244 0.130825 0.0340374 0.000236371
12.1833 0.1294 0.0346874 0.000240887
12.2803 0.129969 0.0324996 0.000225692
12.1583 0.129072 0.0346781 0.000240821
12.0529 0.127597 0.0333046 0.000231281
12.3778 0.132205 0.0342994 0.00023819
12.3368 0.131388 0.0339611 0.000235841
12.3562 0.131634 0.0321735 0.000223428
12.4161 0.131577 0.0345029 0.000239604
12.3686 0.131898 0.0323528 0.000224673
12.2435 0.130306 0.0340586 0.000236516
12.2835 0.130207 0.0322016 0.000223623
12.8146 0.138249 0.0328 0.000227778
11.9725 0.126385 0.0347113 0.00024105
12.0499 0.126598 0.0332072 0.000230606
11.9057 0.125557 0.0345545 0.000239962
12.3174 0.131246 0.0337817 0.000234595
