
[NumberOfWaves] 98
=================================
0.0704387      13.3333      2.79244      3.92848
0.0762819      13.3333      2.87971      3.41206
0.0807324      13.3333      2.96697      2.75847
0.0835192      13.3333      3.05424      1.80591
0.0844682      13.3333       3.1415      3.15192
0.0835192      13.3333      3.22876      4.78479
0.0807324      13.3333      3.31603      4.79021
0.0762819      13.3333      3.40329      3.61936
0.0704387      13.3333      3.49056      4.69757
0.0907117         12.5      2.79244      4.05589
0.101264         12.5      2.87971     0.774188
0.109512         12.5      2.96697      3.16913
0.114765         12.5      3.05424      2.18184
0.11657         12.5       3.1415     0.578964
0.114765         12.5      3.22876     0.928938
0.109512         12.5      3.31603       1.2451
0.101264         12.5      3.40329      4.22387
0.0907117         12.5      3.49056      2.71118
0.107374      11.7647      2.79244      4.36294
0.124627      11.7647      2.87971      1.61338
0.138566      11.7647      2.96697    0.0613136
0.147643      11.7647      3.05424      3.34433
0.150795      11.7647       3.1415      1.75542
0.147643      11.7647      3.22876      5.94516
0.138566      11.7647      3.31603      5.69518
0.124627      11.7647      3.40329      2.46724
0.107374      11.7647      3.49056     0.156165
0.12861      11.1111      2.79244      4.21864
0.156818      11.1111      2.87971      5.25994
0.180582      11.1111      2.96697      6.10393
0.196494      11.1111      3.05424     0.357709
0.202096      11.1111       3.1415      2.82938
0.196494      11.1111      3.22876      3.65966
0.180582      11.1111      3.31603      4.31415
0.156818      11.1111      3.40329       4.5202
0.12861      11.1111      3.49056      4.08421
0.156828      10.5263      2.79244       4.5672
0.203365      10.5263      2.87971      2.34888
0.244668      10.5263      2.96697      3.65408
0.273297      10.5263      3.05424     0.729573
0.283553      10.5263       3.1415     0.362242
0.273297      10.5263      3.22876      6.15586
0.244668      10.5263      3.31603      1.78955
0.203365      10.5263      3.40329      3.73822
0.156828      10.5263      3.49056      6.04526
0.160173           10      2.79244      1.16724
0.224098           10      2.87971      1.21287
0.284586           10      2.96697      2.14655
0.328338           10      3.05424       5.8614
0.344348           10       3.1415      2.45456
0.328338           10      3.22876      1.71662
0.284586           10      3.31603     0.954684
0.224098           10      3.40329      2.49503
0.160173           10      3.49056      2.35438
0.15525      9.5238      2.7924     0.82379
0.209      9.5238      2.8797      2.7334
0.25823      9.5238       2.967     0.57498
0.29307      9.5238      3.0542      3.8617
0.30569      9.5238      3.1415    0.068982
0.29307      9.5238      3.2288      3.6018
0.25823      9.5238       3.316      4.9619
0.209      9.5238      3.4033      1.4788
0.15525      9.5238      3.4906      2.8149
0.13172      9.0909      2.7924      3.5773
0.17163      9.0909      2.8797     0.38579
0.20719      9.0909       2.967      3.1182
0.2319      9.0909      3.0542      4.0357
0.24077      9.0909      3.1415      1.3902
0.2319      9.0909      3.2288      5.2592
0.20719      9.0909       3.316      6.1013
0.17163      9.0909      3.4033      5.3178
0.13172      9.0909      3.4906      3.1792
0.11121      8.6957      2.7924      1.7522
0.14092      8.6957      2.8797       4.691
0.16678      8.6957       2.967      1.4886
0.18447      8.6957      3.0542       6.015
0.19077      8.6957      3.1415      3.8971
0.18447      8.6957      3.2288      3.7714
0.16678      8.6957       3.316      1.0845
0.14092      8.6957      3.4033     0.56765
0.11121      8.6957      3.4906      1.6038
0.099584      8.3333      2.7924      5.3944
0.12321      8.3333      2.8797      5.7242
0.14336      8.3333       2.967      4.3958
0.15697      8.3333      3.0542      4.5563
0.16178      8.3333      3.1415      1.4444
0.15697      8.3333      3.2288      3.6193
0.14336      8.3333       3.316      5.0932
0.12321      8.3333      3.4033      2.5373
0.099584      8.3333      3.4906      6.2104
0.093606           8      2.7924     0.56546
0.11345           8      2.8797      2.0165
0.13008           8       2.967      3.2132
0.14117           8      3.0542     0.38079
0.14507           8      3.1415      4.5595
0.14117           8      3.2288      3.4968
0.13008           8       3.316       3.326
0.11345           8      3.4033      5.2148
0.093606           8      3.4906      5.3956
