
[NumberOfWaves] 991
=================================
2.2           1000       0.785375  4.5190495
0.000971558      22.2222  0.785375        3.2725
0.00101837      22.2222   0.785375      1.37646
0.00105305      22.2222   0.785375      5.29272
0.00107436      22.2222   0.785375      4.16521
0.00108155      22.2222   0.785375      5.12841
0.00107436      22.2222   0.785375      4.98793
0.00105305      22.2222   0.785375      2.94739
0.00101837      22.2222   0.785375      1.94475
0.000971558      22.2222  0.785375       4.32006
0.00117581      21.7391   0.785375      6.20039
0.00123922      21.7391   0.785375      4.83749
0.00128641      21.7391   0.785375      5.21226
0.00131551      21.7391   0.785375      4.43633
0.00132534      21.7391   0.785375       3.7405
0.00131551      21.7391   0.785375      4.73031
0.00128641      21.7391   0.785375      3.12091
0.00123922      21.7391   0.785375      5.43563
0.00117581      21.7391   0.785375     0.427418
0.001387      21.2766     0.785375    6.08537
0.00147054      21.2766   0.785375     0.620486
0.00153303      21.2766   0.785375      3.43666
0.00157169      21.2766   0.785375      2.53186
0.00158477      21.2766   0.785375     0.672533
0.00157169      21.2766   0.785375      4.54994
0.00153303      21.2766   0.785375      3.85577
0.00147054      21.2766   0.785375      4.91939
0.001387      21.2766     0.785375    3.56008
0.00159964      20.8333   0.785375      5.09752
0.00170704      20.8333   0.785375      3.62388
0.00178782      20.8333   0.785375      5.93134
0.00183798      20.8333   0.785375      5.47533
0.00185499      20.8333   0.785375      3.18926
0.00183798      20.8333   0.785375      4.95618
0.00178782      20.8333   0.785375      2.97205
0.00170704      20.8333   0.785375      5.20736
0.00159964      20.8333   0.785375      2.02615
0.00180863      20.4082   0.785375      6.13313
0.00194373      20.4082   0.785375        1.748
0.00204596      20.4082   0.785375     0.457596
0.00210969      20.4082   0.785375      4.71994
0.00213134      20.4082   0.785375      5.22236
0.00210969      20.4082   0.785375      5.79505
0.00204596      20.4082   0.785375      2.05469
0.00194373      20.4082   0.785375      5.05197
0.00180863      20.4082   0.785375      3.38183
0.00200954           20   0.785375      2.91088
0.00217624           20   0.785375      5.15677
0.00230321           20   0.785375      5.98083
0.00238271           20   0.785375     0.479223
0.00240978           20   0.785375      4.45258
0.00238271           20   0.785375      1.47604
0.00230321           20   0.785375      2.50626
0.00217624           20   0.785375      1.68463
0.00200954           20   0.785375      5.23068
0.00219895      19.6078   0.785375      6.25393
0.00240119      19.6078   0.785375      4.08239
0.00255633      19.6078   0.785375      4.42294
0.00265393      19.6078   0.785375      5.85766
0.00268724      19.6078   0.785375      4.32052
0.00265393      19.6078   0.785375      3.57097
0.00255633      19.6078   0.785375      2.39287
0.00240119      19.6078   0.785375      3.98706
0.00219895      19.6078   0.785375      2.28217
0.00237481      19.2308   0.785375      2.56107
0.0026166      19.2308    0.785375     2.31654
0.00280349      19.2308   0.785375      2.94295
0.00292167      19.2308   0.785375      3.16295
0.00296211      19.2308   0.785375       5.7209
0.00292167      19.2308   0.785375      1.29701
0.00280349      19.2308   0.785375      2.12745
0.0026166      19.2308    0.785375     3.60723
0.00237481      19.2308   0.785375       3.0594
0.00253678      18.8679   0.785375      1.64752
0.00282227      18.8679   0.785375      3.64159
0.00304477      18.8679   0.785375      5.51853
0.00318623      18.8679   0.785375      0.38295
0.00323477      18.8679   0.785375      2.77003
0.00318623      18.8679   0.785375     0.529393
0.00304477      18.8679   0.785375      3.53882
0.00282227      18.8679   0.785375      3.38849
0.00253678      18.8679   0.785375      4.82571
0.00268653      18.5185   0.785375      1.46451
0.00302027      18.5185   0.785375      3.69039
0.00328269      18.5185   0.785375      2.88373
0.00345053      18.5185   0.785375      5.40955
0.00350829      18.5185   0.785375      4.15203
0.00345053      18.5185   0.785375      2.22342
0.00328269      18.5185   0.785375      2.18137
0.00302027      18.5185   0.785375      1.59411
0.00268653      18.5185   0.785375      5.98473
0.00282803      18.1818   0.785375       1.8736
0.00321532      18.1818   0.785375     0.995265
0.00352278      18.1818   0.785375      2.27003
0.00372068      18.1818   0.785375      4.65966
0.00378899      18.1818   0.785375      4.43517
0.00372068      18.1818   0.785375      4.40371
0.00352278      18.1818   0.785375    0.0391166
0.00321532      18.1818   0.785375      2.35201
0.00282803      18.1818   0.785375       5.6641
0.00296748      17.8571   0.785375      2.00016
0.00341494      17.8571   0.785375      3.75147
0.00377384      17.8571   0.785375      1.87105
0.00400643      17.8571   0.785375     0.785465
0.004087      17.8571     0.785375    2.44004
0.00400643      17.8571   0.785375      5.13753
0.00377384      17.8571   0.785375      6.16473
0.00341494      17.8571   0.785375      5.41588
0.00296748      17.8571   0.785375     0.526647
0.00311297      17.5439   0.785375      2.12184
0.00362922      17.5439   0.785375       1.4836
0.0040479      17.5439    0.785375     1.99677
0.00432123      17.5439   0.785375      6.18529
0.00441626      17.5439   0.785375      3.44466
0.00432123      17.5439   0.785375      4.70755
0.0040479      17.5439    0.785375     5.28935
0.00362922      17.5439   0.785375      1.04857
0.00311297      17.5439   0.785375      5.67416
0.00327347      17.2414   0.785375     0.660495
0.00386991      17.2414   0.785375      4.68142
0.00435939      17.2414   0.785375      4.58264
0.00468146      17.2414   0.785375      4.50786
0.00479388      17.2414   0.785375     0.838352
0.00468146      17.2414   0.785375      2.80089
0.00435939      17.2414   0.785375      3.19671
0.00386991      17.2414   0.785375      3.33307
0.00327347      17.2414   0.785375       5.4016
0.0034572      16.9492    0.785375     4.25815
0.00414863      16.9492   0.785375      5.06308
0.00472329      16.9492   0.785375       3.3378
0.00510461      16.9492   0.785375      6.00589
0.00523826      16.9492   0.785375     0.418931
0.00510461      16.9492   0.785375      3.40236
0.00472329      16.9492   0.785375      1.76967
0.00414863      16.9492   0.785375       3.0215
0.0034572      16.9492    0.785375       4.303
0.0036691      16.6667    0.785375     1.30849
0.00447384      16.6667   0.785375      3.82108
0.00515181      16.6667   0.785375      2.04936
0.00560575      16.6667   0.785375      5.53436
0.00576558      16.6667   0.785375     0.838118
0.00560575      16.6667   0.785375     0.643428
0.00515181      16.6667   0.785375      6.02613
0.00447384      16.6667   0.785375     0.960683
0.0036691      16.6667    0.785375    0.958397
0.00390747      16.3934   0.785375     0.977337
0.00484659      16.3934   0.785375     0.562765
0.00564931      16.3934   0.785375      2.85515
0.00619197      16.3934   0.785375      4.20267
0.00638395      16.3934   0.785375      5.22307
0.00619197      16.3934   0.785375      4.96505
0.00564931      16.3934   0.785375      4.47796
0.00484659      16.3934   0.785375      2.96933
0.00390747      16.3934   0.785375      4.45206
0.00416022       16.129   0.785375      6.01949
0.00525509       16.129   0.785375      3.17779
0.0062055       16.129    0.785375     1.91665
0.00685463       16.129   0.785375      4.96238
0.00708546       16.129   0.785375      1.48522
0.00685463       16.129   0.785375      1.47212
0.0062055       16.129    0.785375     2.91971
0.00525509       16.129   0.785375      3.89161
0.00416022       16.129   0.785375      3.86611
0.00440215       15.873   0.785375     0.770446
0.00566995       15.873   0.785375     0.777795
0.00678873       15.873   0.785375      1.78726
0.00756127       15.873   0.785375      4.62261
0.00783749       15.873   0.785375      2.58425
0.00756127       15.873   0.785375      5.20849
0.00678873       15.873   0.785375      5.87532
0.00566995       15.873   0.785375      2.50734
0.00440215       15.873   0.785375     0.328044
0.00459551       15.625   0.785375      3.58876
0.00604301       15.625   0.785375      4.69761
0.00734294       15.625   0.785375      2.01209
0.00825108       15.625   0.785375      3.09711
0.00857768       15.625   0.785375      1.39264
0.00825108       15.625   0.785375      5.90146
0.00734294       15.625   0.785375      3.03032
0.00604301       15.625   0.785375       3.3928
0.00459551       15.625   0.785375       1.3889
0.00469666      15.3846   0.785375     0.602822
0.00631385      15.3846   0.785375     0.378019
0.00779348      15.3846   0.785375      5.14897
0.00884004      15.3846   0.785375       4.8472
0.00921875      15.3846   0.785375      1.22956
0.00884004      15.3846   0.785375      5.62403
0.00779348      15.3846   0.785375      4.29946
0.00631385      15.3846   0.785375      4.12697
0.00469666      15.3846   0.785375      6.22257
0.00466877      15.1515   0.785375     0.211686
0.00642541      15.1515   0.785375      2.66558
0.00806477      15.1515   0.785375      3.07857
0.00923965      15.1515   0.785375      3.66616
0.0096676      15.1515    0.785375    0.523184
0.00923965      15.1515   0.785375      4.14775
0.00806477      15.1515   0.785375     0.328634
0.00642541      15.1515   0.785375      3.49857
0.00466877      15.1515   0.785375      4.47365
0.00459739      14.9254   0.785375      3.06554
0.00640547      14.9254   0.785375      3.88038
0.00811039      14.9254   0.785375      1.34316
0.00934071      14.9254   0.785375      4.05667
0.00979039      14.9254   0.785375      2.39158
0.00934071      14.9254   0.785375     0.651628
0.00811039      14.9254   0.785375       2.3719
0.00640547      14.9254   0.785375      1.65155
0.00459739      14.9254   0.785375        1.516
0.00462092      14.7059   0.785375      3.91383
0.00636108      14.7059   0.785375      3.28556
0.00798537      14.7059   0.785375      2.59637
0.00914962      14.7059   0.785375      1.36839
0.00957371      14.7059   0.785375      5.39429
0.00914962      14.7059   0.785375      5.40971
0.00798537      14.7059   0.785375      1.78399
0.00636108      14.7059   0.785375      3.86651
0.00462092      14.7059   0.785375      4.89753
0.00455996      14.4928   0.785375      5.99931
0.00620567      14.4928   0.785375      5.77787
0.00772704      14.4928   0.785375       2.4178
0.00881054      14.4928   0.785375      1.02189
0.00920396      14.4928   0.785375      5.00599
0.00881054      14.4928   0.785375     0.715113
0.00772704      14.4928   0.785375     0.997893
0.00620567      14.4928   0.785375      2.23567
0.00455996      14.4928   0.785375      5.32647
0.00442923      14.2857   0.785375      3.66161
0.00596248      14.2857   0.785375      3.68295
0.00736694      14.2857   0.785375      5.81704
0.0083611      14.2857    0.785375     3.61322
0.00872098      14.2857   0.785375     0.062688
0.0083611      14.2857    0.785375     5.08532
0.00736694      14.2857   0.785375      3.82514
0.00596248      14.2857   0.785375       3.0153
0.00442923      14.2857   0.785375      1.68661
0.00424936      14.0845   0.785375      1.62162
0.00566141      14.0845   0.785375      3.02218
0.0069436      14.0845    0.785375     1.42839
0.00784594      14.0845   0.785375     0.305368
0.00817164      14.0845   0.785375      1.06335
0.00784594      14.0845   0.785375      1.62382
0.0069436      14.0845    0.785375     1.24347
0.00566141      14.0845   0.785375      3.80557
0.00424936      14.0845   0.785375      5.17533
0.00404243      13.8889   0.785375      5.09309
0.00533288      13.8889   0.785375      5.04046
0.00649494      13.8889   0.785375      4.44908
0.00730823      13.8889   0.785375      5.39947
0.00760098      13.8889   0.785375      4.90755
0.00730823      13.8889   0.785375      1.28046
0.00649494      13.8889   0.785375      6.24118
0.00533288      13.8889   0.785375     0.588243
0.00404243      13.8889   0.785375      4.08784
0.00382819      13.6986   0.785375      1.35195
0.00500306      13.6986   0.785375      1.53225
0.00605267      13.6986   0.785375      2.13426
0.0067834      13.6986    0.785375     1.24317
0.00704574      13.6986   0.785375      3.18443
0.0067834      13.6986    0.785375     5.97361
0.00605267      13.6986   0.785375      2.47932
0.00500306      13.6986   0.785375      3.67219
0.00382819      13.6986   0.785375      3.81087
0.00362191      13.5135   0.785375       4.4901
0.00469129      13.5135   0.785375      2.52285
0.00563946      13.5135   0.785375      5.39516
0.00629626      13.5135   0.785375      5.78341
0.00653147      13.5135   0.785375      4.71752
0.00629626      13.5135   0.785375      1.79437
0.00563946      13.5135   0.785375      5.00639
0.00469129      13.5135   0.785375     0.896998
0.00362191      13.5135   0.785375      3.17009
0.00343365      13.3333   0.785375      3.83695
0.00440963      13.3333   0.785375      4.42195
0.00526877      13.3333   0.785375      2.40852
0.00586105      13.3333   0.785375      4.57832
0.00607264      13.3333   0.785375      5.57481
0.00586105      13.3333   0.785375     0.350895
0.00526877      13.3333   0.785375     0.868413
0.00440963      13.3333   0.785375      5.42264
0.00343365      13.3333   0.785375      2.64983
0.00326871      13.1579   0.785375      2.58429
0.00416375      13.1579   0.785375      6.02629
0.00494622      13.1579   0.785375      4.71379
0.00548318      13.1579   0.785375       6.1636
0.00567458      13.1579   0.785375      1.46718
0.00548318      13.1579   0.785375     0.604593
0.00494622      13.1579   0.785375      2.41633
0.00416375      13.1579   0.785375      3.14321
0.00326871      13.1579   0.785375      3.58292
0.0031287       12.987    0.785375     6.13618
0.0039545       12.987    0.785375     3.09661
0.00467172       12.987   0.785375      2.51875
0.00516175       12.987   0.785375      6.25152
0.00533603       12.987   0.785375      1.63985
0.00516175       12.987   0.785375      4.18024
0.00467172       12.987   0.785375      6.05842
0.0039545       12.987    0.785375     4.21684
0.0031287       12.987    0.785375     1.87972
0.0030126      12.8205    0.785375     3.33707
0.00377955      12.8205   0.785375   0.00919313
0.00444147      12.8205   0.785375      5.55285
0.00489184      12.8205   0.785375      2.54074
0.00505168      12.8205   0.785375      1.89247
0.00489184      12.8205   0.785375       5.9725
0.00444147      12.8205   0.785375      2.89425
0.00377955      12.8205   0.785375      1.80729
0.0030126      12.8205    0.785375    0.531709
0.00291783      12.6582   0.785375      3.65785
0.00363472      12.6582   0.785375     0.961731
0.00424973      12.6582   0.785375     0.459252
0.0046665      12.6582    0.785375     3.64769
0.00481413      12.6582   0.785375      1.80331
0.0046665      12.6582    0.785375     2.27394
0.00424973      12.6582   0.785375      4.55407
0.00363472      12.6582   0.785375      5.39277
0.00291783      12.6582   0.785375      2.18595
0.00284102         12.5   0.785375      6.04265
0.00351505         12.5   0.785375      5.99127
0.00408997         12.5   0.785375      1.29453
0.00447808         12.5   0.785375      4.82688
0.0046153         12.5    0.785375     3.86739
0.00447808         12.5   0.785375      5.77359
0.00408997         12.5   0.785375      3.78574
0.00351505         12.5   0.785375      4.41153
0.00284102         12.5   0.785375      4.67251
0.00277859      12.3457   0.785375       2.4196
0.0034155      12.3457    0.785375      1.5802
0.00395577      12.3457   0.785375     0.230961
0.00431916      12.3457   0.785375      2.96635
0.0044474      12.3457    0.785375     4.05299
0.00431916      12.3457   0.785375      1.75277
0.00395577      12.3457   0.785375      3.25372
0.0034155      12.3457    0.785375     1.54352
0.00277859      12.3457   0.785375      1.86924
0.00272714      12.1951   0.785375      4.08693
0.00333142      12.1951   0.785375      5.60062
0.00384131      12.1951   0.785375      5.41033
0.00418307      12.1951   0.785375       1.3189
0.00430346      12.1951   0.785375      2.50751
0.00418307      12.1951   0.785375      5.57857
0.00384131      12.1951   0.785375      1.61177
0.00333142      12.1951   0.785375      6.07441
0.00272714      12.1951   0.785375      3.89017
0.00268366      12.0482   0.785375      1.03887
0.00325878      12.0482   0.785375      5.19101
0.00374161      12.0482   0.785375      4.11972
0.00406414      12.0482   0.785375      3.43336
0.00417757      12.0482   0.785375       1.5791
0.00406414      12.0482   0.785375     0.252303
0.00374161      12.0482   0.785375       1.4663
0.00325878      12.0482   0.785375      2.26887
0.00268366      12.0482   0.785375         3.98
0.00264565      11.9048   0.785375      6.19565
0.00319428      11.9048   0.785375      1.30157
0.00365264      11.9048   0.785375      4.75676
0.00395784      11.9048   0.785375       5.5688
0.004065      11.9048     0.785375    2.96702
0.00395784      11.9048   0.785375     0.998454
0.00365264      11.9048   0.785375      5.09502
0.00319428      11.9048   0.785375       2.9939
0.00264565      11.9048   0.785375     0.730635
0.00261116      11.7647   0.785375      5.50215
0.00313536      11.7647   0.785375      3.99088
0.00357128      11.7647   0.785375     0.611219
0.00386064      11.7647   0.785375      5.70773
0.00396208      11.7647   0.785375     0.220006
0.00386064      11.7647   0.785375     0.249747
0.00357128      11.7647   0.785375      6.21117
0.00313536      11.7647   0.785375      4.31128
0.00261116      11.7647   0.785375      2.36674
0.00257872      11.6279   0.785375      3.16867
0.00308013      11.6279   0.785375      4.79704
0.00349523      11.6279   0.785375      0.30708
0.00376996      11.6279   0.785375        4.561
0.00386612      11.6279   0.785375      4.40644
0.00376996      11.6279   0.785375      2.88321
0.00349523      11.6279   0.785375      3.65856
0.00308013      11.6279   0.785375       2.1305
0.00257872      11.6279   0.785375      1.07204
0.00254731      11.4943   0.785375      2.50813
0.00302726      11.4943   0.785375      5.77896
0.00342288      11.4943   0.785375      1.42024
0.00368397      11.4943   0.785375      2.26821
0.00377523      11.4943   0.785375      2.03922
0.00368397      11.4943   0.785375     0.525146
0.00342288      11.4943   0.785375      3.22108
0.00302726      11.4943   0.785375      5.23289
0.00254731      11.4943   0.785375      5.68369
0.00251626      11.3636   0.785375      4.54635
0.00297585      11.3636   0.785375      2.40636
0.00335314      11.3636   0.785375      1.87244
0.00360144      11.3636   0.785375      4.34602
0.00368812      11.3636   0.785375      5.53191
0.00360144      11.3636   0.785375      5.80894
0.00335314      11.3636   0.785375     0.510511
0.00297585      11.3636   0.785375      3.03263
0.00251626      11.3636   0.785375     0.805889
0.00248516       11.236   0.785375      1.58904
0.00292537       11.236   0.785375      5.55393
0.00328531       11.236   0.785375      1.23321
0.00352158       11.236   0.785375     0.762465
0.00360394       11.236   0.785375      3.41604
0.00352158       11.236   0.785375      1.97676
0.00328531       11.236   0.785375      2.40036
0.00292537       11.236   0.785375      4.97324
0.00248516       11.236   0.785375      5.27256
0.00245378      11.1111   0.785375      4.27393
0.00287548      11.1111   0.785375      2.61952
0.00321898      11.1111   0.785375      4.03928
0.00344388      11.1111   0.785375      1.34507
0.00352218      11.1111   0.785375      3.87831
0.00344388      11.1111   0.785375      4.24223
0.00321898      11.1111   0.785375      3.77623
0.00287548      11.1111   0.785375      2.17586
0.00245378      11.1111   0.785375      2.28953
0.00242202       10.989   0.785375      1.07742
0.00282603       10.989   0.785375      4.99726
0.00315391       10.989   0.785375      3.09543
0.00336806       10.989   0.785375       2.2281
0.00344253       10.989   0.785375      4.86971
0.00336806       10.989   0.785375      1.48784
0.00315391       10.989   0.785375      5.30809
0.00282603       10.989   0.785375      5.13024
0.00242202       10.989   0.785375      5.31685
0.00238989      10.8696   0.785375      2.32588
0.00277696      10.8696   0.785375      2.40783
0.00308999      10.8696   0.785375      5.41177
0.00329397      10.8696   0.785375      2.91474
0.00336482      10.8696   0.785375      3.58475
0.00329397      10.8696   0.785375      4.36861
0.00308999      10.8696   0.785375      6.03744
0.00277696      10.8696   0.785375      3.43248
0.00238989      10.8696   0.785375      3.99961
0.0023574      10.7527    0.785375     3.58692
0.00272827      10.7527   0.785375      5.82505
0.00302718      10.7527   0.785375      5.42704
0.00322151      10.7527   0.785375       1.0671
0.00328894      10.7527   0.785375      1.12277
0.00322151      10.7527   0.785375      1.52994
0.00302718      10.7527   0.785375      4.72343
0.00272827      10.7527   0.785375      1.25116
0.0023574      10.7527    0.785375     6.17582
0.00232462      10.6383   0.785375      4.45866
0.00267999      10.6383   0.785375      1.10227
0.00296546      10.6383   0.785375      5.39268
0.00315065      10.6383   0.785375      5.71383
0.00321484      10.6383   0.785375      6.04213
0.00315065      10.6383   0.785375      3.58508
0.00296546      10.6383   0.785375      3.53657
0.00267999      10.6383   0.785375      1.10996
0.00232462      10.6383   0.785375      3.22745
0.00229163      10.5263   0.785375      3.44605
0.00263215      10.5263   0.785375      1.03844
0.00290484      10.5263   0.785375      3.10313
0.00308137      10.5263   0.785375      3.36214
0.00314249      10.5263   0.785375      1.24911
0.00308137      10.5263   0.785375      3.91537
0.00290484      10.5263   0.785375      0.16534
0.00263215      10.5263   0.785375      2.00296
0.00229163      10.5263   0.785375      3.34884
0.00225848      10.4167   0.785375      2.05312
0.00258481      10.4167   0.785375      3.78356
0.00284534      10.4167   0.785375      2.27402
0.00301366      10.4167   0.785375     0.847706
0.00307188      10.4167   0.785375      5.74149
0.00301366      10.4167   0.785375      4.02463
0.00284534      10.4167   0.785375      4.13908
0.00258481      10.4167   0.785375       4.2431
0.00225848      10.4167   0.785375      4.67806
0.00222526      10.3093   0.785375       5.2914
0.00253802      10.3093   0.785375      3.24616
0.00278698      10.3093   0.785375     0.954191
0.00294751      10.3093   0.785375      2.39171
0.00300298      10.3093   0.785375      5.15846
0.00294751      10.3093   0.785375      1.07668
0.00278698      10.3093   0.785375      2.07323
0.00253802      10.3093   0.785375      6.07234
0.00222526      10.3093   0.785375      5.06594
0.00219203      10.2041   0.785375      1.39601
0.00249181      10.2041   0.785375      6.28157
0.00272977      10.2041   0.785375      0.40047
0.00288291      10.2041   0.785375      2.67331
0.00293578      10.2041   0.785375      2.54046
0.00288291      10.2041   0.785375      2.51504
0.00272977      10.2041   0.785375      0.70321
0.00249181      10.2041   0.785375      2.66594
0.00219203      10.2041   0.785375      3.85491
0.00215886       10.101   0.785375      6.20799
0.00244623       10.101   0.785375      1.38164
0.00267371       10.101   0.785375      2.22469
0.00281985       10.101   0.785375       1.6728
0.00287025       10.101   0.785375      1.83148
0.00281985       10.101   0.785375      1.18365
0.00267371       10.101   0.785375     0.143627
0.00244623       10.101   0.785375      2.82361
0.00215886       10.101   0.785375      1.53079
0.00212579           10   0.785375      5.45821
0.0024013           10    0.785375     3.32126
0.00261882           10   0.785375      5.74351
0.00275831           10   0.785375       6.1192
0.00280638           10   0.785375      3.67823
0.00275831           10   0.785375     0.747522
0.00261882           10   0.785375       5.8214
0.0024013           10    0.785375     3.72934
0.00212579           10   0.785375      5.55175
0.0020929       9.901     0.785375    2.667
0.0023571       9.901     0.785375   3.8154
0.0025651       9.901     0.785375  0.44461
0.0026983       9.901     0.785375   5.8103
0.0027441       9.901     0.785375   4.0342
0.0026983       9.901     0.785375  0.65657
0.0025651       9.901     0.785375   4.3995
0.0023571       9.901     0.785375   2.4868
0.0020929       9.901     0.785375  0.53346
0.0020602      9.8039     0.785375   1.3476
0.0023135      9.8039     0.785375   1.5632
0.0025125      9.8039     0.785375   1.4241
0.0026397      9.8039     0.785375    4.417
0.0026835      9.8039     0.785375   4.7383
0.0026397      9.8039     0.785375   3.4386
0.0025125      9.8039     0.785375   3.4775
0.0023135      9.8039     0.785375   3.9619
0.0020602      9.8039     0.785375   6.1916
0.0020277      9.7087     0.785375   3.9852
0.0022707      9.7087     0.785375   3.7727
0.0024611      9.7087     0.785375   5.7124
0.0025827      9.7087     0.785375   3.5866
0.0026244      9.7087     0.785375   2.1074
0.0025827      9.7087     0.785375   6.0137
0.0024611      9.7087     0.785375    2.764
0.0022707      9.7087     0.785375   3.7795
0.0020277      9.7087     0.785375   4.5254
0.0019955      9.6154     0.785375   4.2648
0.0022286      9.6154     0.785375   1.3368
0.0024109      9.6154     0.785375  0.51284
0.002527      9.6154      0.785375  1.7246
0.0025669      9.6154     0.785375   5.4506
0.002527      9.6154      0.785375  3.5144
0.0024109      9.6154     0.785375   2.9193
0.0022286      9.6154     0.785375   2.7036
0.0019955      9.6154     0.785375    4.863
0.0019636      9.5238     0.785375   4.1086
0.0021873      9.5238     0.785375   4.1325
0.0023618      9.5238     0.785375   1.0117
0.0024728      9.5238     0.785375   2.7166
0.0025109      9.5238     0.785375   3.1735
0.0024728      9.5238     0.785375   2.3582
0.0023618      9.5238     0.785375   3.0182
0.0021873      9.5238     0.785375   2.1514
0.0019636      9.5238     0.785375   4.8828
0.0019321       9.434     0.785375   2.4123
0.0021467       9.434     0.785375   4.4707
0.0023138       9.434     0.785375   3.0217
0.00242       9.434      10.785375 4.5814
0.0024564       9.434     0.785375   5.8907
0.00242       9.434       0.785375 3.2499
0.0023138       9.434     0.785375    5.674
0.0021467       9.434     0.785375   1.3709
0.0019321       9.434     0.785375   5.4864
0.0019009      9.3458     0.785375  0.51956
0.0021069      9.3458     0.785375   2.9241
0.0022669      9.3458     0.785375  0.13779
0.0023685      9.3458     0.785375   5.0784
0.0024033      9.3458     0.785375    1.126
0.0023685      9.3458     0.785375   1.0392
0.0022669      9.3458     0.785375    1.141
0.0021069      9.3458     0.785375   4.3443
0.0019009      9.3458     0.785375   1.3431
0.00187      9.2593      10.785375  1.873
0.0020678      9.2593     0.785375   4.8274
0.0022211      9.2593     0.785375   3.1487
0.0023183      9.2593     0.785375   5.7142
0.0023516      9.2593     0.785375  0.36349
0.0023183      9.2593     0.785375   2.7441
0.0022211      9.2593     0.785375   3.5955
0.0020678      9.2593     0.785375   3.5503
0.00187      9.2593      10.785375  5.176
0.0018396      9.1743     0.785375  0.79228
0.0020295      9.1743     0.785375   1.8856
0.0021765      9.1743     0.785375 0.013333
0.0022694      9.1743     0.785375   5.9758
0.0023013      9.1743     0.785375   4.8147
0.0022694      9.1743     0.785375   4.7204
0.0021765      9.1743     0.785375  0.87249
0.0020295      9.1743     0.785375   2.1948
0.0018396      9.1743     0.785375  0.95087
0.0018096      9.0909     0.785375   3.1209
0.0019919      9.0909     0.785375   5.0808
0.0021328      9.0909     0.785375   3.9763
0.0022218      9.0909     0.785375   4.3252
0.0022523      9.0909     0.785375   4.0184
0.0022218      9.0909     0.785375   4.5823
0.0021328      9.0909     0.785375   5.4024
0.0019919      9.0909     0.785375   3.9392
0.0018096      9.0909     0.785375   1.1347
0.00178       9.009      10.785375 3.6021
0.0019552       9.009     0.785375   1.0277
0.0020902       9.009     0.785375   5.6927
0.0021755       9.009     0.785375  0.48594
0.0022046       9.009     0.785375    2.127
0.0021755       9.009     0.785375    3.648
0.0020902       9.009     0.785375   2.9859
0.0019552       9.009     0.785375   5.0598
0.00178       9.009      10.785375 3.3349
0.0017508      8.9286     0.785375   1.4282
0.0019191      8.9286     0.785375   4.4577
0.0020486      8.9286     0.785375  0.93386
0.0021303      8.9286     0.785375   4.1349
0.0021582      8.9286     0.785375   3.9833
0.0021303      8.9286     0.785375   1.4407
0.0020486      8.9286     0.785375   1.1449
0.0019191      8.9286     0.785375   1.0452
0.0017508      8.9286     0.785375  0.93998
0.001722      8.8496      0.785375  1.2739
0.0018838      8.8496     0.785375        6
0.0020081      8.8496     0.785375 0.099952
0.0020863      8.8496     0.785375   6.0161
0.002113      8.8496      0.785375 0.16142
0.0020863      8.8496     0.785375   6.1015
0.0020081      8.8496     0.785375   1.8698
0.0018838      8.8496     0.785375    3.299
0.001722      8.8496      0.785375  5.4181
0.0016937      8.7719     0.785375   5.6321
0.0018492      8.7719     0.785375   1.1876
0.0019685      8.7719     0.785375   4.1513
0.0020435      8.7719     0.785375   5.9138
0.0020691      8.7719     0.785375   6.1304
0.0020435      8.7719     0.785375  0.67816
0.0019685      8.7719     0.785375    1.124
0.0018492      8.7719     0.785375   4.6906
0.0016937      8.7719     0.785375  0.31081
0.0016659      8.6957     0.785375  0.44788
0.0018154      8.6957     0.785375   3.0732
0.0019298      8.6957     0.785375   5.3399
0.0020017      8.6957     0.785375   6.2644
0.0020263      8.6957     0.785375 0.027599
0.0020017      8.6957     0.785375   3.4092
0.0019298      8.6957     0.785375   5.4119
0.0018154      8.6957     0.785375   5.7121
0.0016659      8.6957     0.785375   5.3113
0.0016385      8.6207     0.785375    5.522
0.0017822      8.6207     0.785375   4.6883
0.0018921      8.6207     0.785375  0.73819
0.0019611      8.6207     0.785375   3.1982
0.0019846      8.6207     0.785375   1.0608
0.0019611      8.6207     0.785375   5.2219
0.0018921      8.6207     0.785375   5.8307
0.0017822      8.6207     0.785375   1.0649
0.0016385      8.6207     0.785375   5.5525
0.0016115       8.547     0.785375   2.4369
0.0017498       8.547     0.785375   2.4037
0.0018553       8.547     0.785375   1.7055
0.0019215       8.547     0.785375   5.4529
0.001944       8.547      0.785375  4.6589
0.0019215       8.547     0.785375    2.814
0.0018553       8.547     0.785375   4.4587
0.0017498       8.547     0.785375   5.9332
0.0016115       8.547     0.785375    1.094
0.001585      8.4746      0.785375  1.5368
0.001718      8.4746      0.785375   4.027
0.0018194      8.4746     0.785375   5.0805
0.0018829      8.4746     0.785375   5.3617
0.0019045      8.4746     0.785375   2.5014
0.0018829      8.4746     0.785375  0.72565
0.0018194      8.4746     0.785375  0.50441
0.001718      8.4746      0.785375  2.2648
0.001585      8.4746      0.785375   5.208
0.001559      8.4034      0.785375  1.3484
0.001687      8.4034      0.785375  4.9701
0.0017844      8.4034     0.785375   4.1134
0.0018453      8.4034     0.785375  0.16428
0.0018661      8.4034     0.785375    4.937
0.0018453      8.4034     0.785375   5.7965
0.0017844      8.4034     0.785375   3.0932
0.001687      8.4034      0.785375  5.2401
0.001559      8.4034      0.785375  0.8253
0.0015334      8.3333     0.785375   4.7737
0.0016566      8.3333     0.785375   5.8164
0.0017502      8.3333     0.785375   5.2319
0.0018087      8.3333     0.785375   1.6298
0.0018286      8.3333     0.785375   1.3384
0.0018087      8.3333     0.785375   3.2817
0.0017502      8.3333     0.785375   2.4966
0.0016566      8.3333     0.785375   3.0102
0.0015334      8.3333     0.785375   6.2447
0.0015083      8.2645     0.785375   3.7979
0.0016268      8.2645     0.785375   5.9369
0.0017168      8.2645     0.785375   3.0814
0.001773      8.2645      0.785375  2.7516
0.0017922      8.2645     0.785375   4.8546
0.001773      8.2645      0.785375   4.675
0.0017168      8.2645     0.785375   2.7828
0.0016268      8.2645     0.785375    0.333
0.0015083      8.2645     0.785375  0.55178
0.0014836      8.1967     0.785375   5.0137
0.0015977      8.1967     0.785375    4.119
0.0016843      8.1967     0.785375  0.20316
0.0017383      8.1967     0.785375   3.5001
0.0017566      8.1967     0.785375   4.5225
0.0017383      8.1967     0.785375  0.69369
0.0016843      8.1967     0.785375   1.3612
0.0015977      8.1967     0.785375   5.0956
0.0014836      8.1967     0.785375  0.87121
0.0014593      8.1301     0.785375    5.541
0.0015693      8.1301     0.785375   5.8027
0.0016525      8.1301     0.785375 0.080143
0.0017044      8.1301     0.785375   2.3697
0.001722      8.1301      0.785375  1.0544
0.0017044      8.1301     0.785375   3.3942
0.0016525      8.1301     0.785375  0.63875
0.0015693      8.1301     0.785375  0.24672
0.0014593      8.1301     0.785375   5.8635
0.0014355      8.0645     0.785375   6.1045
0.0015414      8.0645     0.785375   2.2677
0.0016215      8.0645     0.785375   4.0475
0.0016714      8.0645     0.785375  0.42691
0.0016883      8.0645     0.785375   1.3063
0.0016714      8.0645     0.785375  0.24883
0.0016215      8.0645     0.785375    2.949
0.0015414      8.0645     0.785375  0.94306
0.0014355      8.0645     0.785375   6.2284
0.0014122           8     0.785375   2.6832
0.0015142           8     0.785375   6.0026
0.0015912           8     0.785375   4.5504
0.0016392           8     0.785375   3.6497
0.0016555           8     0.785375   3.3944
0.0016392           8     0.785375   4.4323
0.0015912           8     0.785375 0.031596
0.0015142           8     0.785375   4.9165
0.0014122           8     0.785375   5.8235
0.0013892      7.9365     0.785375 0.052122
0.0014875      7.9365     0.785375   5.1811
0.0015617      7.9365     0.785375   4.8212
0.0016079      7.9365     0.785375    6.265
0.0016235      7.9365     0.785375   1.4303
0.0016079      7.9365     0.785375   5.7775
0.0015617      7.9365     0.785375   4.0337
0.0014875      7.9365     0.785375  0.66173
0.0013892      7.9365     0.785375   1.6849
0.0013667       7.874     0.785375   4.7992
0.0014615       7.874     0.785375    5.061
0.0015329       7.874     0.785375  0.65502
0.0015773       7.874     0.785375   2.9515
0.0015924       7.874     0.785375   1.3764
0.0015773       7.874     0.785375   5.7974
0.0015329       7.874     0.785375   2.0126
0.0014615       7.874     0.785375   5.3879
0.0013667       7.874     0.785375   1.6326
0.0013446      7.8125     0.785375   5.5169
0.001436      7.8125      0.785375  1.1829
0.0015048      7.8125     0.785375     4.77
0.0015475      7.8125     0.785375   0.1991
0.001562      7.8125      0.785375  4.0358
0.0015475      7.8125     0.785375   3.5616
0.0015048      7.8125     0.785375    2.365
0.001436      7.8125      0.785375  1.3354
0.0013446      7.8125     0.785375   4.9771
0.0013229      7.7519     0.785375  0.91382
0.0014111      7.7519     0.785375   3.0733
0.0014773      7.7519     0.785375  0.08071
0.0015184      7.7519     0.785375   1.1725
0.0015324      7.7519     0.785375   3.0487
0.0015184      7.7519     0.785375   5.2666
0.0014773      7.7519     0.785375  0.88626
0.0014111      7.7519     0.785375   4.6005
0.0013229      7.7519     0.785375    4.342
0.0013017      7.6923     0.785375  0.21672
0.0013867      7.6923     0.785375   3.0715
0.0014505      7.6923     0.785375   6.1032
0.0014901      7.6923     0.785375  0.70653
0.0015035      7.6923     0.785375   4.6696
0.0014901      7.6923     0.785375    4.012
0.0014505      7.6923     0.785375   3.7333
0.0013867      7.6923     0.785375   3.1328
0.0013017      7.6923     0.785375   3.5678
0.0012808      7.6336     0.785375   2.6797
0.0013628      7.6336     0.785375  0.47901
0.0014243      7.6336     0.785375   1.8258
0.0014625      7.6336     0.785375   3.5269
0.0014754      7.6336     0.785375   3.9792
0.0014625      7.6336     0.785375   5.8481
0.0014243      7.6336     0.785375   6.1433
0.0013628      7.6336     0.785375  0.58807
0.0012808      7.6336     0.785375   4.1577
0.0012604      7.5758     0.785375   3.7872
0.0013395      7.5758     0.785375    2.977
0.0013988      7.5758     0.785375   2.2384
0.0014355      7.5758     0.785375   2.9881
0.001448      7.5758      0.785375   4.216
0.0014355      7.5758     0.785375   6.0295
0.0013988      7.5758     0.785375  0.55972
0.0013395      7.5758     0.785375   5.0122
0.0012604      7.5758     0.785375   3.7118
0.0012403      7.5188     0.785375   5.7313
0.0013166      7.5188     0.785375   0.6354
0.0013738      7.5188     0.785375   1.8428
0.0014092      7.5188     0.785375  0.32413
0.0014212      7.5188     0.785375   3.1674
0.0014092      7.5188     0.785375   4.8277
0.0013738      7.5188     0.785375    1.778
0.0013166      7.5188     0.785375   1.4159
0.0012403      7.5188     0.785375   2.0815
0.0012206      7.4627     0.785375   2.8478
0.0012943      7.4627     0.785375    4.633
0.0013495      7.4627     0.785375   3.2036
0.0013836      7.4627     0.785375   2.4033
0.0013951      7.4627     0.785375   5.6892
0.0013836      7.4627     0.785375   6.0647
0.0013495      7.4627     0.785375   3.9474
0.0012943      7.4627     0.785375  0.82955
0.0012206      7.4627     0.785375   3.8848
0.0012013      7.4074     0.785375   2.4065
0.0012725      7.4074     0.785375   6.2277
0.0013257      7.4074     0.785375   1.8021
0.0013585      7.4074     0.785375    4.437
0.0013697      7.4074     0.785375   3.3627
0.0013585      7.4074     0.785375   1.2139
0.0013257      7.4074     0.785375   4.3317
0.0012725      7.4074     0.785375  0.31701
0.0012013      7.4074     0.785375   1.1588
0.0011824      7.3529     0.785375  0.28687
0.0012511      7.3529     0.785375   5.5607
0.0013024      7.3529     0.785375   5.2764
0.0013341      7.3529     0.785375  0.74237
0.0013449      7.3529     0.785375   2.5786
0.0013341      7.3529     0.785375   0.7554
0.0013024      7.3529     0.785375   3.5945
0.0012511      7.3529     0.785375    5.965
0.0011824      7.3529     0.785375   1.6109
0.0011638      7.2993     0.785375   6.2193
0.0012302      7.2993     0.785375   2.1978
0.0012797      7.2993     0.785375   1.3101
0.0013103      7.2993     0.785375   4.1834
0.0013206      7.2993     0.785375   6.1155
0.0013103      7.2993     0.785375   3.9124
0.0012797      7.2993     0.785375  0.39921
0.0012302      7.2993     0.785375   2.3468
0.0011638      7.2993     0.785375   1.0446
0.0011456      7.2464     0.785375   1.4531
0.0012097      7.2464     0.785375  0.32803
0.0012575      7.2464     0.785375   5.6657
0.001287      7.2464      0.785375  4.9843
0.001297      7.2464      0.785375  2.3436
0.001287      7.2464      0.785375  5.2278
0.0012575      7.2464     0.785375   4.7363
0.0012097      7.2464     0.785375   3.9072
0.0011456      7.2464     0.785375   2.4761
0.0011277      7.1942     0.785375   2.2573
0.0011897      7.1942     0.785375  0.55826
0.0012359      7.1942     0.785375   2.1468
0.0012643      7.1942     0.785375   3.4473
0.001274      7.1942      0.785375  2.8936
0.0012643      7.1942     0.785375   4.0554
0.0012359      7.1942     0.785375   3.2265
0.0011897      7.1942     0.785375    5.117
0.0011277      7.1942     0.785375   0.6106
0.0011102      7.1429     0.785375   2.9135
0.0011701      7.1429     0.785375   3.7058
0.0012147      7.1429     0.785375    1.176
0.0012422      7.1429     0.785375    3.841
0.0012515      7.1429     0.785375  0.32635
0.0012422      7.1429     0.785375   3.6173
0.0012147      7.1429     0.785375   5.2925
0.0011701      7.1429     0.785375   3.1398
0.0011102      7.1429     0.785375   2.7584
0.001093      7.0922      0.785375 0.93653
0.0011509      7.0922     0.785375  0.17768
0.001194      7.0922      0.785375  4.7542
0.0012205      7.0922     0.785375   5.0019
0.0012295      7.0922     0.785375   1.8444
0.0012205      7.0922     0.785375  0.72384
0.001194      7.0922      0.785375  2.3567
0.0011509      7.0922     0.785375   5.2079
0.001093      7.0922      0.785375  5.2889
0.0010762      7.0423     0.785375   4.1797
0.0011322      7.0423     0.785375   6.0326
0.0011738      7.0423     0.785375   5.9256
0.0011994      7.0423     0.785375  0.70809
0.0012081      7.0423     0.785375   4.0732
0.0011994      7.0423     0.785375   3.0209
0.0011738      7.0423     0.785375  0.41795
0.0011322      7.0423     0.785375   5.6407
0.0010762      7.0423     0.785375   3.1241
0.0010597       6.993     0.785375   4.8461
0.0011138       6.993     0.785375  0.37926
0.001154       6.993      0.785375   1.649
0.0011788       6.993     0.785375   4.0907
0.0011871       6.993     0.785375  0.83943
0.0011788       6.993     0.785375    4.012
0.001154       6.993      0.785375  2.4186
0.0011138       6.993     0.785375   4.8109
0.0010597       6.993     0.785375   4.1023
0.0010435      6.9444     0.785375   2.3969
0.0010958      6.9444     0.785375    1.885
0.0011347      6.9444     0.785375   2.1371
0.0011586      6.9444     0.785375   5.7736
0.0011667      6.9444     0.785375   2.8667
0.0011586      6.9444     0.785375   2.7802
0.0011347      6.9444     0.785375   2.8536
0.0010958      6.9444     0.785375   5.9392
0.0010435      6.9444     0.785375   1.3767
0.0010276      6.8966     0.785375   5.5441
0.0010783      6.8966     0.785375  0.12488
0.0011158      6.8966     0.785375   2.1473
0.0011389      6.8966     0.785375    4.813
0.0011467      6.8966     0.785375   2.1538
0.0011389      6.8966     0.785375    3.888
0.0011158      6.8966     0.785375   2.8463
0.0010783      6.8966     0.785375 0.063852
0.0010276      6.8966     0.785375    3.764
0.001012      6.8493      0.785375  3.7797
0.001061      6.8493      0.785375  4.0803
0.0010974      6.8493     0.785375   2.1533
0.0011197      6.8493     0.785375   3.0994
0.0011272      6.8493     0.785375   4.4092
0.0011197      6.8493     0.785375   5.5781
0.0010974      6.8493     0.785375  0.34593
0.001061      6.8493      0.785375 0.61801
0.001012      6.8493      0.785375  4.0826
0.00099671      6.8027    0.785375    4.8007
0.0010442      6.8027     0.785375   6.2073
0.0010793      6.8027     0.785375  0.78742
0.0011009      6.8027     0.785375     2.29
0.0011082      6.8027     0.785375   4.2488
0.0011009      6.8027     0.785375   2.3609
0.0010793      6.8027     0.785375   5.4251
0.0010442      6.8027     0.785375   1.8345
0.00099671      6.8027    0.785375   0.83862
0.00098172      6.7568    0.785375    4.2263
0.0010277      6.7568     0.785375   1.2728
0.0010617      6.7568     0.785375   5.4569
0.0010825      6.7568     0.785375   4.7195
0.0010896      6.7568     0.785375    2.635
0.0010825      6.7568     0.785375 0.0014518
0.0010617      6.7568     0.785375  0.93908
0.0010277      6.7568     0.785375   1.7205
0.00098172      6.7568    0.785375    5.4814
0.00096702      6.7114    0.785375    3.7777
0.0010115      6.7114     0.785375    2.018
0.0010444      6.7114     0.785375   1.7862
0.0010646      6.7114     0.785375   2.7351
0.0010714      6.7114     0.785375   5.6783
0.0010646      6.7114     0.785375   5.8124
0.0010444      6.7114     0.785375   3.1748
0.0010115      6.7114     0.785375   3.9431
0.00096702      6.7114    0.785375    4.5191
0.0009526      6.6667     0.785375  0.15024
0.00099568      6.6667    0.785375    3.6123
0.0010275      6.6667     0.785375  0.29238
0.001047      6.6667      0.785375  2.6548
0.0010536      6.6667     0.785375   2.9388
0.001047      6.6667      0.785375 0.14217
0.0010275      6.6667     0.785375  0.40886
0.00099568      6.6667    0.785375    5.8052
0.0009526      6.6667     0.785375    3.356
0.00093846      6.6225    0.785375    2.3046
0.00098018      6.6225    0.785375    2.2867
0.001011      6.6225      0.785375 0.95108
0.0010299      6.6225     0.785375  0.93999
0.0010363      6.6225     0.785375   2.2041
0.0010299      6.6225     0.785375   2.1109
0.001011      6.6225      0.785375   4.926
0.00098018      6.6225    0.785375    3.0582
0.00093846      6.6225    0.785375    2.9203
0.00092459      6.5789    0.785375   0.82466
0.000965      6.5789      0.785375  5.5692
0.00099483      6.5789    0.785375    4.2382
0.0010131      6.5789     0.785375   5.2473
0.0010193      6.5789     0.785375   4.1247
0.0010131      6.5789     0.785375    6.182
0.00099483      6.5789    0.785375     6.156
0.000965      6.5789      0.785375  1.5717
0.00092459      6.5789    0.785375    3.9242
0.00091098      6.5359    0.785375    4.5755
0.00095014      6.5359    0.785375      3.13
0.00097902      6.5359    0.785375    5.3395
0.00099673      6.5359    0.785375    1.1995
0.0010027      6.5359     0.785375     0.78
0.00099673      6.5359    0.785375  0.017532
0.00097902      6.5359    0.785375     0.961
0.00095014      6.5359    0.785375    3.3561
0.00091098      6.5359    0.785375    3.2083
0.00089763      6.4935    0.785375    2.4203
0.00093558      6.4935    0.785375    1.9515
0.00096355      6.4935    0.785375  0.022339
0.00098069      6.4935    0.785375    5.1222
0.00098647      6.4935    0.785375    4.0112
0.00098069      6.4935    0.785375    2.8169
0.00096355      6.4935    0.785375    1.5336
0.00093558      6.4935    0.785375    5.0477
0.00089763      6.4935    0.785375    5.177