
[NumberOfWaves] 819
=================================
0.019903      26.3158    -0.436319    0.0859008
0.0209293      26.3158    -0.349056      1.50927
0.0216917      26.3158    -0.261792      2.75121
0.0221611      26.3158    -0.174528      5.57917
0.0223197      26.3158   -0.0872639      5.73776
0.0221611      26.3158            0      3.91843
0.0216917      26.3158    0.0872639      2.94806
0.0209293      26.3158     0.174528      5.17814
0.019903      26.3158     0.261792       2.2785
0.0244829       25.641    -0.436319      4.18923
0.0259255       25.641    -0.349056      2.18832
0.0270035       25.641    -0.261792      0.77764
0.0276699       25.641    -0.174528      2.93057
0.0278954       25.641   -0.0872639      0.25175
0.0276699       25.641            0      3.43505
0.0270035       25.641    0.0872639      6.04933
0.0259255       25.641     0.174528       1.1598
0.0244829       25.641     0.261792     0.264031
0.0291296           25    -0.436319      2.79997
0.0310853           25    -0.349056      2.48644
0.0325563           25    -0.261792      6.09562
0.0334697           25    -0.174528      4.20553
0.0337795           25   -0.0872639      4.58768
0.0334697           25            0     0.688958
0.0325563           25    0.0872639      3.10988
0.0310853           25     0.174528      5.81446
0.0291296           25     0.261792      4.22304
0.0336811      24.3902    -0.436319      2.65999
0.0362506      24.3902    -0.349056       2.0032
0.0381974      24.3902    -0.261792      6.23137
0.0394121      24.3902    -0.174528      4.73994
0.0398251      24.3902   -0.0872639      2.04548
0.0394121      24.3902            0      2.37618
0.0381974      24.3902    0.0872639      3.57137
0.0362506      24.3902     0.174528      4.60139
0.0336811      24.3902     0.261792      2.57572
0.0380013      23.8095    -0.436319      3.85558
0.0412872      23.8095    -0.349056      6.10713
0.0437969      23.8095    -0.261792      5.37925
0.0453712      23.8095    -0.174528      2.41827
0.0459078      23.8095   -0.0872639      1.71605
0.0453712      23.8095            0      5.24293
0.0437969      23.8095    0.0872639      3.09278
0.0412872      23.8095     0.174528      2.95769
0.0380013      23.8095     0.261792     0.912528
0.0419952      23.2558    -0.436319     0.630123
0.0461013      23.2558    -0.349056       1.9035
0.0492653      23.2558    -0.261792      6.17904
0.0512617      23.2558    -0.174528     0.488117
0.0519442      23.2558   -0.0872639      1.64942
0.0512617      23.2558            0       2.2797
0.0492653      23.2558    0.0872639      4.04212
0.0461013      23.2558     0.174528     0.605356
0.0419952      23.2558     0.261792     0.155092
0.0456243      22.7273    -0.436319      1.95828
0.0506577      22.7273    -0.349056      5.99528
0.0545738      22.7273    -0.261792      5.68799
0.0570608      22.7273    -0.174528      4.57652
0.0579137      22.7273   -0.0872639      4.11986
0.0570608      22.7273            0      3.87168
0.0545738      22.7273    0.0872639      1.34214
0.0506577      22.7273     0.174528      4.44672
0.0456243      22.7273     0.261792        1.178
0.0489219      22.2222    -0.436319      5.61575
0.0549993      22.2222    -0.349056     0.365109
0.0597781      22.2222    -0.261792      2.02961
0.0628344      22.2222    -0.174528      5.36252
0.0638861      22.2222   -0.0872639     0.763794
0.0628344      22.2222            0      4.71253
0.0597781      22.2222    0.0872639      2.96977
0.0549993      22.2222     0.174528      1.90089
0.0489219      22.2222     0.261792      3.78439
0.0520052      21.7391    -0.436319      1.33446
0.0592662      21.7391    -0.349056      4.37168
0.0650422      21.7391    -0.261792       1.8599
0.0687648      21.7391    -0.174528      1.20499
0.0700508      21.7391   -0.0872639      2.03044
0.0687648      21.7391            0      5.86432
0.0650422      21.7391    0.0872639      4.19465
0.0592662      21.7391     0.174528      4.72105
0.0520052      21.7391     0.261792      6.11208
0.0550755      21.2766    -0.436319      2.68856
0.0637035      21.2766    -0.349056      1.90145
0.0706539      21.2766    -0.261792      5.36959
0.0751712      21.2766    -0.174528      2.49476
0.0767382      21.2766   -0.0872639      4.61405
0.0751712      21.2766            0      4.02798
0.0706539      21.2766    0.0872639      5.43628
0.0637035      21.2766     0.174528      2.45478
0.0550755      21.2766     0.261792      6.24321
0.0583978      20.8333    -0.436319      1.97794
0.0686463      20.8333    -0.349056     0.253614
0.0770163      20.8333    -0.261792      2.17283
0.082506      20.8333    -0.174528      5.21574
0.0844191      20.8333   -0.0872639      5.16408
0.082506      20.8333            0      2.05897
0.0770163      20.8333    0.0872639       5.7594
0.0686463      20.8333     0.174528      3.95356
0.0583978      20.8333     0.261792     0.451278
0.0622472      20.4082    -0.436319      4.26432
0.0744675      20.4082    -0.349056      2.25804
0.0845976      20.4082    -0.261792     0.964432
0.0913079      20.4082    -0.174528     0.311796
0.0936579      20.4082   -0.0872639      5.11417
0.0913079      20.4082            0      5.57575
0.0845976      20.4082    0.0872639     0.075567
0.0744675      20.4082     0.174528      1.56928
0.0622472      20.4082     0.261792      0.33569
0.0668146           20    -0.436319      2.21036
0.081469           20    -0.349056      2.34849
0.0938148           20    -0.261792      4.39913
0.102081           20    -0.174528      2.77371
0.104992           20   -0.0872639      5.52317
0.102081           20            0      1.27817
0.0938148           20    0.0872639     0.666332
0.081469           20     0.174528      1.47824
0.0668146           20     0.261792      3.83569
0.0720658      19.6078    -0.436319      3.74348
0.0897044      19.6078    -0.349056      3.36154
0.104827      19.6078    -0.261792      4.09659
0.11507      19.6078    -0.174528      4.76678
0.118698      19.6078   -0.0872639      1.92179
0.11507      19.6078            0       1.8484
0.104827      19.6078    0.0872639      3.25775
0.0897044      19.6078     0.174528      4.52552
0.0720658      19.6078     0.261792      5.72629
0.0775778      19.2308    -0.436319      2.03448
0.0987454      19.2308    -0.349056      1.41388
0.117239      19.2308    -0.261792     0.729593
0.129925      19.2308    -0.174528      2.03673
0.134445      19.2308   -0.0872639     0.255311
0.129925      19.2308            0      2.07195
0.117239      19.2308    0.0872639     0.682749
0.0987454      19.2308     0.174528      3.67568
0.0775778      19.2308     0.261792      5.56726
0.082433      18.8679    -0.436319      5.64567
0.107486      18.8679    -0.349056      3.36403
0.129824      18.8679    -0.261792      4.74471
0.145356      18.8679    -0.174528      2.61827
0.150929      18.8679   -0.0872639     0.151595
0.145356      18.8679            0      1.25767
0.129824      18.8679    0.0872639      1.42371
0.107486      18.8679     0.174528      3.50697
0.082433      18.8679     0.261792     0.484661
0.0853287      18.5185    -0.436319       2.6378
0.114192      18.5185    -0.349056      3.62932
0.140499      18.5185    -0.261792      5.28416
0.15906      18.5185    -0.174528      4.23694
0.165768      18.5185   -0.0872639      5.09645
0.15906      18.5185            0     0.476588
0.140499      18.5185    0.0872639      3.58792
0.114192      18.5185     0.174528     0.665405
0.0853287      18.5185     0.261792      4.49542
0.0850186      18.1818    -0.436319      1.99557
0.117007      18.1818    -0.349056      4.32639
0.14686      18.1818    -0.261792      5.50741
0.168255      18.1818    -0.174528    0.0201499
0.176048      18.1818   -0.0872639      2.69816
0.168255      18.1818            0      2.12953
0.14686      18.1818    0.0872639      4.93665
0.117007      18.1818     0.174528      4.84495
0.0850186      18.1818     0.261792      4.13704
0.0839349      17.8571    -0.436319      2.45435
0.116658      17.8571    -0.349056      1.49503
0.147449      17.8571    -0.261792     0.770491
0.169639      17.8571    -0.174528      1.31583
0.177744      17.8571   -0.0872639      3.90944
0.169639      17.8571            0      3.72184
0.147449      17.8571    0.0872639      6.07283
0.116658      17.8571     0.174528      3.23474
0.0839349      17.8571     0.261792      5.91299
0.0838762      17.5439    -0.436319      1.45107
0.114927      17.5439    -0.349056      3.51294
0.143796      17.5439    -0.261792     0.527786
0.164435      17.5439    -0.174528      5.18042
0.171943      17.5439   -0.0872639      1.10227
0.164435      17.5439            0      3.54063
0.143796      17.5439    0.0872639      5.11121
0.114927      17.5439     0.174528      5.96272
0.0838762      17.5439     0.261792      4.08131
0.0817386      17.2414    -0.436319      1.24802
0.110507      17.2414    -0.349056     0.518261
0.136954      17.2414    -0.261792      2.30344
0.15572      17.2414    -0.174528      6.18479
0.162521      17.2414   -0.0872639      1.76059
0.15572      17.2414            0      1.42943
0.136954      17.2414    0.0872639     0.853971
0.110507      17.2414     0.174528      5.66534
0.0817386      17.2414     0.261792      2.70723
0.0780883      16.9492    -0.436319      3.52539
0.104248      16.9492    -0.349056    0.0904302
0.128043      16.9492    -0.261792       2.9998
0.144808      16.9492    -0.174528      5.24029
0.150863      16.9492   -0.0872639     0.363527
0.144808      16.9492            0      2.01346
0.128043      16.9492    0.0872639      2.42407
0.104248      16.9492     0.174528      4.56639
0.0780883      16.9492     0.261792      6.07726
0.0736128      16.6667    -0.436319        6.096
0.0971121      16.6667    -0.349056      3.93627
0.118273      16.6667    -0.261792      5.35054
0.133083      16.6667    -0.174528      1.81438
0.138414      16.6667   -0.0872639      2.37127
0.133083      16.6667            0       1.4472
0.118273      16.6667    0.0872639      6.18157
0.0971121      16.6667     0.174528    0.0457348
0.0736128      16.6667     0.261792      4.35691
0.0689416      16.3934    -0.436319      2.38271
0.0899353      16.3934    -0.349056       4.4854
0.108662      16.3934    -0.261792      0.80231
0.121686      16.3934    -0.174528     0.487318
0.126359      16.3934   -0.0872639      3.57015
0.121686      16.3934            0      5.62487
0.108662      16.3934    0.0872639      3.83858
0.0899353      16.3934     0.174528      5.06487
0.0689416      16.3934     0.261792       0.2137
0.0645374       16.129    -0.436319      3.88625
0.0833032       16.129    -0.349056      2.27053
0.0998934       16.129    -0.261792     0.882555
0.111363       16.129    -0.174528     0.806586
0.115467       16.129   -0.0872639     0.226272
0.111363       16.129            0      2.52492
0.0998934       16.129    0.0872639      6.11473
0.0833032       16.129     0.174528      5.59254
0.0645374       16.129     0.261792       3.7696
0.0606708       15.873    -0.436319       2.4959
0.0775323       15.873    -0.349056     0.117808
0.0923135       15.873    -0.261792       4.8519
0.102475       15.873    -0.174528      4.36475
0.106101       15.873   -0.0872639     0.252221
0.102475       15.873            0      4.61279
0.0923135       15.873    0.0872639      5.09766
0.0775323       15.873     0.174528     0.407001
0.0606708       15.873     0.261792      3.05736
0.0574478       15.625    -0.436319      6.24252
0.0727219       15.625    -0.349056      2.44846
0.0860046       15.625    -0.261792      4.40892
0.0950878       15.625    -0.174528      1.34949
0.0983197       15.625   -0.0872639      3.13803
0.0950878       15.625            0     0.349526
0.0860046       15.625    0.0872639     0.222973
0.0727219       15.625     0.174528       3.0743
0.0574478       15.625     0.261792       1.8525
0.0548596      15.3846    -0.436319     0.407251
0.0688259      15.3846    -0.349056       4.3992
0.0808795      15.3846    -0.261792      1.98303
0.0890807      15.3846    -0.174528       4.9192
0.0919915      15.3846   -0.0872639       1.1356
0.0890807      15.3846            0     0.153072
0.0808795      15.3846    0.0872639      4.87835
0.0688259      15.3846     0.174528      2.59439
0.0548596      15.3846     0.261792      3.01975
0.05283      15.1515    -0.436319      1.55077
0.065719      15.1515    -0.349056      2.34236
0.0767632      15.1515    -0.261792      5.28097
0.0842417      15.1515    -0.174528      5.53174
0.0868897      15.1515   -0.0872639      1.52108
0.0842417      15.1515            0      4.37814
0.0767632      15.1515    0.0872639      1.68667
0.065719      15.1515     0.174528       2.7695
0.05283      15.1515     0.261792     0.604743
0.0512525      14.9254    -0.436319      1.87926
0.0632452      14.9254    -0.349056      6.05699
0.0734514      14.9254    -0.261792      2.61805
0.0803313      14.9254    -0.174528      5.79406
0.0827618      14.9254   -0.0872639      3.93652
0.0803313      14.9254            0      4.41295
0.0734514      14.9254    0.0872639      3.48424
0.0632452      14.9254     0.174528      2.39825
0.0512525      14.9254     0.261792      2.85104
0.0500158      14.7059    -0.436319       5.7006
0.0612491      14.7059    -0.349056      4.26588
0.0707473      14.7059    -0.261792     0.736982
0.0771224      14.7059    -0.174528      2.32426
0.0793697      14.7059   -0.0872639      5.32579
0.0771224      14.7059            0      1.72667
0.0707473      14.7059    0.0872639      2.75117
0.0612491      14.7059     0.174528       1.9982
0.0500158      14.7059     0.261792     0.788955
0.0490186      14.4928    -0.436319      4.02117
0.0595936      14.4928    -0.349056       4.3707
0.0684803      14.4928    -0.261792      5.84368
0.0744207      14.4928    -0.174528      4.89788
0.0765105      14.4928   -0.0872639      2.01093
0.0744207      14.4928            0      3.81252
0.0684803      14.4928    0.0872639     0.886631
0.0595936      14.4928     0.174528    0.0358886
0.0490186      14.4928     0.261792      2.64324
0.0481774      14.2857    -0.436319      5.61899
0.058168      14.2857    -0.349056     0.979756
0.0665148      14.2857    -0.261792      1.95122
0.0720725      14.2857    -0.174528      6.03726
0.0740239      14.2857   -0.0872639      6.08119
0.0720725      14.2857            0      5.37077
0.0665148      14.2857    0.0872639      5.60264
0.058168      14.2857     0.174528      2.12908
0.0481774      14.2857     0.261792      5.49668
0.0474289      14.0845    -0.436319      1.69195
0.0568895      14.0845    -0.349056      4.96287
0.0647496      14.0845    -0.261792      3.51326
0.0699639      14.0845    -0.174528     0.390505
0.0717914      14.0845   -0.0872639      3.82538
0.0699639      14.0845            0       4.7684
0.0647496      14.0845    0.0872639      6.01453
0.0568895      14.0845     0.174528     0.435176
0.0474289      14.0845     0.261792      1.36575
0.0467284      13.8889    -0.436319      4.69695
0.0557002      13.8889    -0.349056      4.21589
0.0631146      13.8889    -0.261792      3.56206
0.068016      13.8889    -0.174528     0.930977
0.0697308      13.8889   -0.0872639      6.09149
0.068016      13.8889            0      6.23448
0.0631146      13.8889    0.0872639      1.90638
0.0557002      13.8889     0.174528     0.337875
0.0467284      13.8889     0.261792      6.03995
0.0460473      13.6986    -0.436319      2.69254
0.0545624      13.6986    -0.349056      1.35494
0.0615641      13.6986    -0.261792      1.95939
0.0661771      13.6986    -0.174528       5.8715
0.0677883      13.6986   -0.0872639      6.11249
0.0661771      13.6986            0     0.562081
0.0615641      13.6986    0.0872639      6.06711
0.0545624      13.6986     0.174528      3.84833
0.0460473      13.6986     0.261792      5.03433
0.0453685      13.5135    -0.436319      5.89799
0.053454      13.5135    -0.349056     0.490629
0.0600704      13.5135    -0.261792      5.97055
0.0644156      13.5135    -0.174528      1.52121
0.0659308      13.5135   -0.0872639      1.36481
0.0644156      13.5135            0     0.687937
0.0600704      13.5135    0.0872639      3.38701
0.053454      13.5135     0.174528      1.59273
0.0453685      13.5135     0.261792      5.24925
0.0446834      13.3333    -0.436319     0.618899
0.0523626      13.3333    -0.349056       4.9838
0.0586178      13.3333    -0.261792      3.52682
0.0627132      13.3333    -0.174528   0.00392199
0.0641392      13.3333   -0.0872639      3.34983
0.0627132      13.3333            0      1.33324
0.0586178      13.3333    0.0872639      3.68548
0.0523626      13.3333     0.174528      2.90329
0.0446834      13.3333     0.261792      4.32652
0.0439887      13.1579    -0.436319      1.54152
0.0512829      13.1579    -0.349056      5.88992
0.0571985      13.1579    -0.261792      4.31709
0.0610603      13.1579    -0.174528      5.84652
0.062403      13.1579   -0.0872639      2.62586
0.0610603      13.1579            0      5.11393
0.0571985      13.1579    0.0872639      2.76484
0.0512829      13.1579     0.174528      4.79063
0.0439887      13.1579     0.261792    0.0550682
0.0432841       12.987    -0.436319      6.25176
0.0502131       12.987    -0.349056     0.471591
0.0558091       12.987    -0.261792      1.06563
0.0594521       12.987    -0.174528       3.2307
0.0607169       12.987   -0.0872639      4.89485
0.0594521       12.987            0      2.25424
0.0558091       12.987    0.0872639      1.84316
0.0502131       12.987     0.174528     0.955408
0.0432841       12.987     0.261792      5.68784
0.0425708      12.8205    -0.436319      1.71403
0.0491535      12.8205    -0.349056      2.14807
0.0544484      12.8205    -0.261792     0.313523
0.0578863      12.8205    -0.174528      1.28566
0.0590783      12.8205   -0.0872639      3.29032
0.0578863      12.8205            0       1.4909
0.0544484      12.8205    0.0872639      3.71971
0.0491535      12.8205     0.174528      5.10816
0.0425708      12.8205     0.261792      2.42793
0.0418511      12.6582    -0.436319      4.91882
0.0481052      12.6582    -0.349056      4.49238
0.0531165      12.6582    -0.261792      6.28139
0.056362      12.6582    -0.174528     0.127537
0.0574859      12.6582   -0.0872639      4.14153
0.056362      12.6582            0       3.3483
0.0531165      12.6582    0.0872639      6.01422
0.0481052      12.6582     0.174528      4.36883
0.0418511      12.6582     0.261792      2.93738
0.0411271         12.5    -0.436319      1.86352
0.0470696         12.5    -0.349056      2.64361
0.0518139         12.5    -0.261792      2.48925
0.054879         12.5    -0.174528     0.650003
0.0559391         12.5   -0.0872639      3.00457
0.054879         12.5            0      4.87638
0.0518139         12.5    0.0872639      2.97079
0.0470696         12.5     0.174528       2.0047
0.0411271         12.5     0.261792      2.43283
0.0404011      12.3457    -0.436319      4.43785
0.0460483      12.3457    -0.349056      5.63851
0.050541      12.3457    -0.261792      4.74432
0.0534368      12.3457    -0.174528     0.852373
0.0544372      12.3457   -0.0872639     0.737583
0.0534368      12.3457            0      0.59934
0.050541      12.3457    0.0872639      1.71199
0.0460483      12.3457     0.174528     0.313779
0.0404011      12.3457     0.261792      1.03854
0.0396753      12.1951    -0.436319      6.09008
0.0450426      12.1951    -0.349056      1.11606
0.0492983      12.1951    -0.261792      2.89521
0.0520353      12.1951    -0.174528      4.54489
0.0529797      12.1951   -0.0872639      3.09044
0.0520353      12.1951            0      3.52799
0.0492983      12.1951    0.0872639      4.74647
0.0450426      12.1951     0.174528       6.0825
0.0396753      12.1951     0.261792      2.45774
0.0389513      12.0482    -0.436319      4.09524
0.0440536      12.0482    -0.349056      0.32599
0.0480861      12.0482    -0.261792      5.61077
0.050674      12.0482    -0.174528      5.58127
0.051566      12.0482   -0.0872639      6.23347
0.050674      12.0482            0      2.41153
0.0480861      12.0482    0.0872639       2.1566
0.0440536      12.0482     0.174528      4.44942
0.0389513      12.0482     0.261792      3.86316
0.038231      11.9048    -0.436319      5.34074
0.0430822      11.9048    -0.349056      5.92537
0.0469045      11.9048    -0.261792      6.18326
0.0493524      11.9048    -0.174528       5.6711
0.0501953      11.9048   -0.0872639     0.197364
0.0493524      11.9048            0     0.545532
0.0469045      11.9048    0.0872639      2.26401
0.0430822      11.9048     0.174528     0.688761
0.038231      11.9048     0.261792      2.50961
0.0375157      11.7647    -0.436319      4.63601
0.0421292      11.7647    -0.349056      5.48643
0.0457534      11.7647    -0.261792      2.04802
0.0480699      11.7647    -0.174528      5.68095
0.0488668      11.7647   -0.0872639      4.07334
0.0480699      11.7647            0      2.62276
0.0457534      11.7647    0.0872639      5.21249
0.0421292      11.7647     0.174528      6.21693
0.0375157      11.7647     0.261792      2.38125
0.0368068      11.6279    -0.436319      3.04974
0.0411951      11.6279    -0.349056       3.8751
0.0446327      11.6279    -0.261792      2.56306
0.0468257      11.6279    -0.174528      3.92366
0.0475795      11.6279   -0.0872639      3.81329
0.0468257      11.6279            0      5.05955
0.0446327      11.6279    0.0872639       3.7123
0.0411951      11.6279     0.174528      1.71433
0.0368068      11.6279     0.261792      2.91881
0.0361052      11.4943    -0.436319        2.717
0.0402804      11.4943    -0.349056      2.25706
0.0435422      11.4943    -0.261792       5.7272
0.0456192      11.4943    -0.174528      2.17988
0.0463325      11.4943   -0.0872639       3.3805
0.0456192      11.4943            0      1.29294
0.0435422      11.4943    0.0872639      3.12914
0.0402804      11.4943     0.174528      1.02682
0.0361052      11.4943     0.261792      3.28126
0.0354119      11.3636    -0.436319      4.48991
0.0393854      11.3636    -0.349056      1.86779
0.0424814      11.3636    -0.261792      3.72287
0.0444494      11.3636    -0.174528       5.3032
0.0451247      11.3636   -0.0872639      5.66461
0.0444494      11.3636            0      4.89879
0.0424814      11.3636    0.0872639      1.37384
0.0393854      11.3636     0.174528      3.97986
0.0354119      11.3636     0.261792      4.47769
0.0347277       11.236    -0.436319    0.0205299
0.0385102       11.236    -0.349056      3.79228
0.0414499       11.236    -0.261792      5.91963
0.0433155       11.236    -0.174528     0.547268
0.043955       11.236   -0.0872639      1.41718
0.0433155       11.236            0      5.79053
0.0414499       11.236    0.0872639      1.26154
0.0385102       11.236     0.174528      1.90668
0.0347277       11.236     0.261792      4.26799
0.0340532      11.1111    -0.436319      1.35176
0.0376549      11.1111    -0.349056      2.87639
0.0404472      11.1111    -0.261792      3.24845
0.0422165      11.1111    -0.174528      2.67827
0.0428225      11.1111   -0.0872639      3.08202
0.0422165      11.1111            0      1.17839
0.0404472      11.1111    0.0872639     0.658594
0.0376549      11.1111     0.174528      5.91109
0.0340532      11.1111     0.261792     0.809345
0.0333891       10.989    -0.436319      2.10074
0.0368194       10.989    -0.349056      5.05703
0.0394729       10.989    -0.261792     0.886536
0.0411515       10.989    -0.174528      3.41943
0.041726       10.989   -0.0872639      5.46032
0.0411515       10.989            0      5.92037
0.0394729       10.989    0.0872639      2.87906
0.0368194       10.989     0.174528      1.65275
0.0333891       10.989     0.261792       1.1573
0.0327356      10.8696    -0.436319      4.38405
0.0360038      10.8696    -0.349056     0.778661
0.0385262      10.8696    -0.261792     0.950897
0.0401194      10.8696    -0.174528      4.41067
0.0406644      10.8696   -0.0872639      2.52011
0.0401194      10.8696            0      1.56579
0.0385262      10.8696    0.0872639      1.84931
0.0360038      10.8696     0.174528      3.34826
0.0327356      10.8696     0.261792      1.02755
0.0320933      10.7527    -0.436319     0.120399
0.0352079      10.7527    -0.349056   0.00787108
0.0376065      10.7527    -0.261792       3.1448
0.0391195      10.7527    -0.174528      5.76477
0.0396365      10.7527   -0.0872639      5.94292
0.0391195      10.7527            0      2.15725
0.0376065      10.7527    0.0872639      3.40748
0.0352079      10.7527     0.174528      2.19624
0.0320933      10.7527     0.261792      3.16117
0.0314623      10.6383    -0.436319       0.5629
0.0344315      10.6383    -0.349056      1.74136
0.0367133      10.6383    -0.261792      2.37796
0.0381506      10.6383    -0.174528      4.92955
0.0386414      10.6383   -0.0872639     0.916807
0.0381506      10.6383            0      2.46774
0.0367133      10.6383    0.0872639      5.83208
0.0344315      10.6383     0.174528      1.56385
0.0314623      10.6383     0.261792      4.59857
0.0308429      10.5263    -0.436319      1.92709
0.0336742      10.5263    -0.349056      2.97102
0.0358458      10.5263    -0.261792       4.1371
0.0372118      10.5263    -0.174528      4.29567
0.037678      10.5263   -0.0872639      2.74753
0.0372118      10.5263            0     0.147565
0.0358458      10.5263    0.0872639      2.58078
0.0336742      10.5263     0.174528      5.27991
0.0308429      10.5263     0.261792      5.75728
0.0302353      10.4167    -0.436319       3.6439
0.032936      10.4167    -0.349056      5.28809
0.0350033      10.4167    -0.261792      2.24099
0.0363021      10.4167    -0.174528      5.34967
0.0367451      10.4167   -0.0872639      5.59857
0.0363021      10.4167            0      3.94694
0.0350033      10.4167    0.0872639      2.50802
0.032936      10.4167     0.174528      1.57692
0.0302353      10.4167     0.261792      6.25969
0.0296395      10.3093    -0.436319      4.00398
0.0322164      10.3093    -0.349056      4.74003
0.0341853      10.3093    -0.261792      5.52776
0.0354207      10.3093    -0.174528      2.91031
0.0358418      10.3093   -0.0872639      1.72474
0.0354207      10.3093            0      2.97837
0.0341853      10.3093    0.0872639     0.188028
0.0322164      10.3093     0.174528      1.43594
0.0296395      10.3093     0.261792      3.39509
0.0290555      10.2041    -0.436319      2.51043
0.0315151      10.2041    -0.349056      4.74656
0.033391      10.2041    -0.261792      5.22718
0.0345666      10.2041    -0.174528      3.51838
0.0349671      10.2041   -0.0872639      3.55429
0.0345666      10.2041            0      3.76016
0.033391      10.2041    0.0872639       3.5559
0.0315151      10.2041     0.174528       3.0017
0.0290555      10.2041     0.261792      2.14134
0.0284835       10.101    -0.436319      5.09997
0.0308318       10.101    -0.349056      5.01432
0.0326197       10.101    -0.261792      1.77334
0.0337389       10.101    -0.174528      1.33327
0.03412       10.101   -0.0872639      1.57389
0.0337389       10.101            0      1.34115
0.0326197       10.101    0.0872639      3.47818
0.0308318       10.101     0.174528      3.30315
0.0284835       10.101     0.261792      1.91533
0.0279233           10    -0.436319      5.23903
0.0301661           10    -0.349056     0.499993
0.0318708           10    -0.261792      2.51889
0.0329367           10    -0.174528      5.65472
0.0332994           10   -0.0872639      5.49557
0.0329367           10            0      1.41501
0.0318708           10    0.0872639      1.47199
0.0301661           10     0.174528      5.86238
0.0279233           10     0.261792      4.08694
0.027375       9.901    -0.43632      1.7617
0.029518       9.901    -0.34906     0.73986
0.031144       9.901    -0.26179      4.4518
0.032159       9.901    -0.17453      3.6213
0.032505       9.901   -0.087264     0.80204
0.032159       9.901           0       1.036
0.031144       9.901    0.087264      4.5359
0.029518       9.901     0.17453     0.17469
0.027375       9.901     0.26179      1.6717
0.026838      9.8039    -0.43632      6.0415
0.028886      9.8039    -0.34906     0.15438
0.030437      9.8039    -0.26179      4.9997
0.031405      9.8039    -0.17453      4.9272
0.031735      9.8039   -0.087264     0.61064
0.031405      9.8039           0      4.4884
0.030437      9.8039    0.087264     0.29207
0.028886      9.8039     0.17453     0.39077
0.026838      9.8039     0.26179      4.9586
0.026313      9.7087    -0.43632      4.8727
0.028271      9.7087    -0.34906      6.2037
0.029752      9.7087    -0.26179      5.9384
0.030675      9.7087    -0.17453      4.6047
0.030988      9.7087   -0.087264      6.0185
0.030675      9.7087           0     0.81544
0.029752      9.7087    0.087264      4.1988
0.028271      9.7087     0.17453      2.3881
0.026313      9.7087     0.26179      3.3868
0.0258      9.6154    -0.43632       5.889
0.027672      9.6154    -0.34906      5.6167
0.029086      9.6154    -0.26179       1.412
0.029966      9.6154    -0.17453      0.5506
0.030265      9.6154   -0.087264      1.3537
0.029966      9.6154           0      4.2776
0.029086      9.6154    0.087264      2.7188
0.027672      9.6154     0.17453       3.049
0.0258      9.6154     0.26179      4.5261
0.025298      9.5238    -0.43632      1.9938
0.027088      9.5238    -0.34906      5.2554
0.028439      9.5238    -0.26179       5.149
0.029279      9.5238    -0.17453      1.9045
0.029564      9.5238   -0.087264      5.1146
0.029279      9.5238           0     0.16449
0.028439      9.5238    0.087264      5.2611
0.027088      9.5238     0.17453      3.0741
0.025298      9.5238     0.26179     0.64512
0.024807       9.434    -0.43632      3.6371
0.02652       9.434    -0.34906     0.95414
0.027811       9.434    -0.26179      5.7776
0.028613       9.434    -0.17453      4.5675
0.028885       9.434   -0.087264     0.91587
0.028613       9.434           0      1.3054
0.027811       9.434    0.087264      3.0917
0.02652       9.434     0.17453      1.8343
0.024807       9.434     0.26179      4.1632
0.024327      9.3458    -0.43632     0.63947
0.025967      9.3458    -0.34906      4.8372
0.0272      9.3458    -0.26179      1.8509
0.027967      9.3458    -0.17453      1.0134
0.028226      9.3458   -0.087264      1.6111
0.027967      9.3458           0      6.0983
0.0272      9.3458    0.087264      1.2824
0.025967      9.3458     0.17453      5.6879
0.024327      9.3458     0.26179      1.0136
0.023858      9.2593    -0.43632      2.9612
0.025428      9.2593    -0.34906      5.8892
0.026608      9.2593    -0.26179     0.85291
0.02734      9.2593    -0.17453      4.9337
0.027588      9.2593   -0.087264       4.173
0.02734      9.2593           0      4.5939
0.026608      9.2593    0.087264      1.1044
0.025428      9.2593     0.17453      2.3152
0.023858      9.2593     0.26179      4.4497
0.023399      9.1743    -0.43632      2.5962
0.024903      9.1743    -0.34906      1.5435
0.026031      9.1743    -0.26179       5.543
0.026731      9.1743    -0.17453      4.3652
0.026968      9.1743   -0.087264      4.2729
0.026731      9.1743           0     0.19463
0.026031      9.1743    0.087264      4.0632
0.024903      9.1743     0.17453     0.35353
0.023399      9.1743     0.26179      4.6363
0.022951      9.0909    -0.43632      6.1857
0.024392      9.0909    -0.34906      4.4146
0.025472      9.0909    -0.26179      4.6805
0.026141      9.0909    -0.17453      3.6405
0.026367      9.0909   -0.087264      5.9621
0.026141      9.0909           0     0.59627
0.025472      9.0909    0.087264      5.7494
0.024392      9.0909     0.17453      3.0783
0.022951      9.0909     0.26179      2.0932
0.022514       9.009    -0.43632      5.3929
0.023894       9.009    -0.34906     0.16506
0.024928       9.009    -0.26179      1.3495
0.025568       9.009    -0.17453      3.0455
0.025784       9.009   -0.087264      5.6469
0.025568       9.009           0      4.5444
0.024928       9.009    0.087264      5.4638
0.023894       9.009     0.17453       2.557
0.022514       9.009     0.26179     0.59582
0.022086      8.9286    -0.43632     0.18495
0.023409      8.9286    -0.34906      3.2299
0.024399      8.9286    -0.26179      3.1457
0.025011      8.9286    -0.17453      4.9472
0.025218      8.9286   -0.087264      5.1294
0.025011      8.9286           0      4.5883
0.024399      8.9286    0.087264      4.8443
0.023409      8.9286     0.17453      2.0897
0.022086      8.9286     0.26179      3.6927
0.021668      8.8496    -0.43632      5.0614
0.022937      8.8496    -0.34906      1.0199
0.023885      8.8496    -0.26179      3.7431
0.024471      8.8496    -0.17453      5.9513
0.024669      8.8496   -0.087264      2.7385
0.024471      8.8496           0      1.6412
0.023885      8.8496    0.087264       5.869
0.022937      8.8496     0.17453      1.1208
0.021668      8.8496     0.26179      6.2356
0.02126      8.7719    -0.43632      4.5358
0.022477      8.7719    -0.34906      3.3267
0.023386      8.7719    -0.26179      1.7622
0.023947      8.7719    -0.17453     0.78827
0.024136      8.7719   -0.087264     0.83308
0.023947      8.7719           0      4.6906
0.023386      8.7719    0.087264       2.146
0.022477      8.7719     0.17453      2.3319
0.02126      8.7719     0.26179      2.5712
0.020861      8.6957    -0.43632      5.2377
0.022029      8.6957    -0.34906      3.8878
0.0229      8.6957    -0.26179      1.0736
0.023437      8.6957    -0.17453     0.56601
0.023619      8.6957   -0.087264       1.538
0.023437      8.6957           0     0.56492
0.0229      8.6957    0.087264      1.1126
0.022029      8.6957     0.17453      1.1513
0.020861      8.6957     0.26179      1.8605
0.020472      8.6207    -0.43632      3.9478
0.021593      8.6207    -0.34906      4.7985
0.022427      8.6207    -0.26179      3.2217
0.022942      8.6207    -0.17453      4.3021
0.023116      8.6207   -0.087264      1.9368
0.022942      8.6207           0       1.836
0.022427      8.6207    0.087264      2.4103
0.021593      8.6207     0.17453      1.9294
0.020472      8.6207     0.26179      2.5911
0.020091       8.547    -0.43632      2.8317
0.021167       8.547    -0.34906       1.453
0.021968       8.547    -0.26179      5.7696
0.022461       8.547    -0.17453      5.1575
0.022628       8.547   -0.087264       5.979
0.022461       8.547           0      5.2116
0.021968       8.547    0.087264      1.4811
0.021167       8.547     0.17453      3.7869
0.020091       8.547     0.26179      3.3965
0.019719      8.4746    -0.43632      4.8971
0.020753      8.4746    -0.34906      5.5105
0.021521      8.4746    -0.26179      2.3109
0.021994      8.4746    -0.17453      5.1318
0.022154      8.4746   -0.087264      4.4622
0.021994      8.4746           0      4.3767
0.021521      8.4746    0.087264      1.4874
0.020753      8.4746     0.17453     0.85209
0.019719      8.4746     0.26179      1.8546
0.019356      8.4034    -0.43632     0.79618
0.020349      8.4034    -0.34906      2.4187
0.021086      8.4034    -0.26179      6.0606
0.02154      8.4034    -0.17453      1.4237
0.021693      8.4034   -0.087264      1.7748
0.02154      8.4034           0      4.5597
0.021086      8.4034    0.087264     0.91231
0.020349      8.4034     0.17453      5.3117
0.019356      8.4034     0.26179      4.8071
0.019002      8.3333    -0.43632      5.0932
0.019955      8.3333    -0.34906      5.6521
0.020663      8.3333    -0.26179      5.5673
0.021099      8.3333    -0.17453    0.098124
0.021246      8.3333   -0.087264      3.4923
0.021099      8.3333           0       4.892
0.020663      8.3333    0.087264      0.4981
0.019955      8.3333     0.17453      1.5213
0.019002      8.3333     0.26179      2.8614
0.018655      8.2645    -0.43632      2.9228
0.019572      8.2645    -0.34906      5.5866
0.020251      8.2645    -0.26179      1.6928
0.020669      8.2645    -0.17453     0.78447
0.02081      8.2645   -0.087264      1.4853
0.020669      8.2645           0      1.6146
0.020251      8.2645    0.087264     0.49974
0.019572      8.2645     0.17453      4.2103
0.018655      8.2645     0.26179      3.2976
0.018317      8.1967    -0.43632      4.2969
0.019198      8.1967    -0.34906       3.088
0.019851      8.1967    -0.26179      1.7745
0.020252      8.1967    -0.17453      3.2931
0.020387      8.1967   -0.087264      5.8106
0.020252      8.1967           0      4.7309
0.019851      8.1967    0.087264      3.1217
0.019198      8.1967     0.17453      5.6066
0.018317      8.1967     0.26179      5.7593
0.017986      8.1301    -0.43632      2.8591
0.018833      8.1301    -0.34906      2.0502
0.019461      8.1301    -0.26179      2.1161
0.019846      8.1301    -0.17453       1.612
0.019976      8.1301   -0.087264      1.4763
0.019846      8.1301           0      2.2617
0.019461      8.1301    0.087264      1.7806
0.018833      8.1301     0.17453      6.1929
0.017986      8.1301     0.26179       3.092
0.017663      8.0645    -0.43632      4.3402
0.018478      8.0645    -0.34906     0.97007
0.019081      8.0645    -0.26179      2.7852
0.019451      8.0645    -0.17453      1.0087
0.019576      8.0645   -0.087264      2.5221
0.019451      8.0645           0      3.7492
0.019081      8.0645    0.087264      5.3077
0.018478      8.0645     0.17453      5.7109
0.017663      8.0645     0.26179     0.90573
0.017347           8    -0.43632      3.5203
0.018131           8    -0.34906      2.4395
0.018711           8    -0.26179      1.9011
0.019067           8    -0.17453      4.7078
0.019187           8   -0.087264      6.1285
0.019067           8           0      2.2399
0.018711           8    0.087264      3.1782
0.018131           8     0.17453      4.9979
0.017347           8     0.26179       4.322
0.017038      7.9365    -0.43632       1.649
0.017793      7.9365    -0.34906      3.9356
0.018351      7.9365    -0.26179      1.7985
0.018693      7.9365    -0.17453     0.82192
0.018808      7.9365   -0.087264       4.774
0.018693      7.9365           0      4.0284
0.018351      7.9365    0.087264      3.2427
0.017793      7.9365     0.17453      4.3791
0.017038      7.9365     0.26179      2.7806
0.016737       7.874    -0.43632       1.106
0.017464       7.874    -0.34906      5.9925
0.018       7.874    -0.26179     0.13484
0.018329       7.874    -0.17453      3.5989
0.01844       7.874   -0.087264      6.2539
0.018329       7.874           0      1.0541
0.018       7.874    0.087264      3.1746
0.017464       7.874     0.17453      2.5721
0.016737       7.874     0.26179      5.8947
0.016443      7.8125    -0.43632      3.0886
0.017142      7.8125    -0.34906       4.415
0.017658      7.8125    -0.26179       2.285
0.017974      7.8125    -0.17453      2.1974
0.018081      7.8125   -0.087264      5.8838
0.017974      7.8125           0      4.5519
0.017658      7.8125    0.087264      5.2082
0.017142      7.8125     0.17453      3.0686
0.016443      7.8125     0.26179      3.5666
