
[NumberOfWaves] 801
=================================
0.0233611           25    -0.349056      5.61043
0.0249295           25    -0.261792     0.162436
0.0261092           25    -0.174528     0.864309
0.0268418           25   -0.0872639      2.66454
0.0270902           25            0      4.80377
0.0268418           25    0.0872639      3.29504
0.0261092           25     0.174528      4.74041
0.0249295           25     0.261792      1.06684
0.0233611           25     0.349056      4.22674
0.0270113      24.3902    -0.349056        3.887
0.0290719      24.3902    -0.261792     0.043014
0.0306332      24.3902    -0.174528      4.65084
0.0316074      24.3902   -0.0872639      6.23107
0.0319386      24.3902            0     0.805363
0.0316074      24.3902    0.0872639      2.26554
0.0306332      24.3902     0.174528      1.20051
0.0290719      24.3902     0.261792      4.48856
0.0270113      24.3902     0.349056      1.11754
0.030476      23.8095    -0.349056      6.20037
0.0331112      23.8095    -0.261792     0.106806
0.0351239      23.8095    -0.174528     0.250041
0.0363865      23.8095   -0.0872639      5.05361
0.0368168      23.8095            0      5.40207
0.0363865      23.8095    0.0872639      3.55776
0.0351239      23.8095     0.174528      4.73809
0.0331112      23.8095     0.261792      3.26411
0.030476      23.8095     0.349056      3.68124
0.033679      23.2558    -0.349056      1.19838
0.036972      23.2558    -0.261792      3.16312
0.0395094      23.2558    -0.174528     0.319897
0.0411105      23.2558   -0.0872639      0.35245
0.0416578      23.2558            0      2.10605
0.0411105      23.2558    0.0872639      3.96397
0.0395094      23.2558     0.174528       5.6043
0.036972      23.2558     0.261792      4.23095
0.033679      23.2558     0.349056      4.30553
0.0365894      22.7273    -0.349056      4.37136
0.040626      22.7273    -0.261792      5.02534
0.0437667      22.7273    -0.174528      4.15058
0.0457612      22.7273   -0.0872639      3.26676
0.0464452      22.7273            0       2.0843
0.0457612      22.7273    0.0872639      5.86941
0.0437667      22.7273     0.174528      1.54861
0.040626      22.7273     0.261792      3.21191
0.0365894      22.7273     0.349056      4.65142
0.039234      22.2222    -0.349056      1.59694
0.0441079      22.2222    -0.261792      5.31281
0.0479403      22.2222    -0.174528      3.38122
0.0503914      22.2222   -0.0872639      5.71839
0.0512349      22.2222            0      2.20349
0.0503914      22.2222    0.0872639      5.87665
0.0479403      22.2222     0.174528      5.82886
0.0441079      22.2222     0.261792      3.69252
0.039234      22.2222     0.349056     0.639371
0.0417067      21.7391    -0.349056      2.30508
0.0475298      21.7391    -0.261792      1.73314
0.052162      21.7391    -0.174528      1.67189
0.0551475      21.7391   -0.0872639      1.42334
0.0561788      21.7391            0   0.00829846
0.0551475      21.7391    0.0872639      5.61077
0.052162      21.7391     0.174528      2.84932
0.0475298      21.7391     0.261792      3.63422
0.0417067      21.7391     0.349056      1.98295
0.044169      21.2766    -0.349056      6.24541
0.0510884      21.2766    -0.261792       6.1818
0.0566624      21.2766    -0.174528      6.06025
0.0602852      21.2766   -0.0872639      4.18614
0.0615419      21.2766            0      4.56245
0.0602852      21.2766    0.0872639      2.09879
0.0566624      21.2766     0.174528      3.28458
0.0510884      21.2766     0.261792      1.71749
0.044169      21.2766     0.349056      4.51358
0.0468334      20.8333    -0.349056      4.88828
0.0550524      20.8333    -0.261792     0.509326
0.0617649      20.8333    -0.174528      1.39219
0.0661675      20.8333   -0.0872639      1.28148
0.0677017      20.8333            0      3.92122
0.0661675      20.8333    0.0872639      4.55646
0.0617649      20.8333     0.174528      5.24231
0.0550524      20.8333     0.261792      0.11872
0.0468334      20.8333     0.349056      1.26991
0.0499206      20.4082    -0.349056      2.94731
0.0597208      20.4082    -0.261792      2.37746
0.0678449      20.4082    -0.174528      2.13869
0.0732264      20.4082   -0.0872639     0.401177
0.0751111      20.4082            0      4.78347
0.0732264      20.4082    0.0872639      2.52993
0.0678449      20.4082     0.174528      4.23656
0.0597208      20.4082     0.261792      3.46241
0.0499206      20.4082     0.349056     0.323305
0.0535834           20    -0.349056        1.932
0.0653358           20    -0.261792      6.06589
0.0752369           20    -0.174528      5.85246
0.0818662           20   -0.0872639      2.37514
0.0842003           20            0      3.88082
0.0818662           20    0.0872639       3.5344
0.0752369           20     0.174528      5.21841
0.0653358           20     0.261792      6.01722
0.0535834           20     0.349056     0.474402
0.0577948      19.6078    -0.349056      5.57946
0.0719404      19.6078    -0.261792      3.53386
0.0840679      19.6078    -0.174528      1.22113
0.0922829      19.6078   -0.0872639      1.39139
0.0951921      19.6078            0      4.43431
0.0922829      19.6078    0.0872639      3.74945
0.0840679      19.6078     0.174528       3.6837
0.0719404      19.6078     0.261792      6.08505
0.0577948      19.6078     0.349056      3.65509
0.0622152      19.2308    -0.349056     0.627045
0.0791911      19.2308    -0.261792      1.04677
0.0940225      19.2308    -0.174528     0.641455
0.104196      19.2308   -0.0872639     0.918871
0.107821      19.2308            0      4.21944
0.104196      19.2308    0.0872639       4.0202
0.0940225      19.2308     0.174528      2.34001
0.0791911      19.2308     0.261792      1.02333
0.0622152      19.2308     0.349056      2.44735
0.0661089      18.8679    -0.349056      5.02625
0.0862004      18.8679    -0.261792       2.5119
0.104115      18.8679    -0.174528      4.74441
0.116572      18.8679   -0.0872639      1.85481
0.121041      18.8679            0      4.02116
0.116572      18.8679    0.0872639      5.56119
0.104115      18.8679     0.174528      1.31719
0.0862004      18.8679     0.261792      3.01808
0.0661089      18.8679     0.349056     0.709901
0.0684312      18.5185    -0.349056     0.831678
0.0915787      18.5185    -0.261792     0.402126
0.112677      18.5185    -0.174528     0.498226
0.127561      18.5185   -0.0872639      3.93915
0.132941      18.5185            0      2.58441
0.127561      18.5185    0.0872639      4.01226
0.112677      18.5185     0.174528      5.38175
0.0915787      18.5185     0.261792      4.79754
0.0684312      18.5185     0.349056      6.13322
0.0681825      18.1818    -0.349056       4.9104
0.0938365      18.1818    -0.261792      5.87827
0.117778      18.1818    -0.174528      4.64409
0.134935      18.1818   -0.0872639      1.59349
0.141185      18.1818            0      4.51905
0.134935      18.1818    0.0872639      4.35734
0.117778      18.1818     0.174528      4.85876
0.0938365      18.1818     0.261792      4.69476
0.0681825      18.1818     0.349056       2.0004
0.0673135      17.8571    -0.349056      3.20704
0.0935561      17.8571    -0.261792      4.85718
0.11825      17.8571    -0.174528        3.599
0.136046      17.8571   -0.0872639      5.99304
0.142545      17.8571            0      1.07799
0.136046      17.8571    0.0872639      5.70016
0.11825      17.8571     0.174528      4.72619
0.0935561      17.8571     0.261792      1.79804
0.0673135      17.8571     0.349056      3.94202
0.0672664      17.5439    -0.349056      2.90795
0.0921679      17.5439    -0.261792     0.813267
0.11532      17.5439    -0.174528      3.45178
0.131872      17.5439   -0.0872639      6.09143
0.137894      17.5439            0      2.77797
0.131872      17.5439    0.0872639      3.71303
0.11532      17.5439     0.174528     0.697226
0.0921679      17.5439     0.261792      1.25567
0.0672664      17.5439     0.349056       1.0239
0.0655521      17.2414    -0.349056     0.231701
0.0886234      17.2414    -0.261792      1.71353
0.109833      17.2414    -0.174528      1.44593
0.124883      17.2414   -0.0872639      2.25274
0.130338      17.2414            0     0.844075
0.124883      17.2414    0.0872639      6.27417
0.109833      17.2414     0.174528      3.22645
0.0886234      17.2414     0.261792      2.43684
0.0655521      17.2414     0.349056      1.56982
0.0626246      16.9492    -0.349056      2.29174
0.0836042      16.9492    -0.261792      2.50728
0.102687      16.9492    -0.174528      5.81995
0.116132      16.9492   -0.0872639      3.11306
0.120988      16.9492            0      3.82752
0.116132      16.9492    0.0872639    0.0302116
0.102687      16.9492     0.174528       3.6927
0.0836042      16.9492     0.261792       4.8848
0.0626246      16.9492     0.349056      4.12908
0.0590354      16.6667    -0.349056       3.3194
0.0778812      16.6667    -0.261792      5.18833
0.0948519      16.6667    -0.174528      6.04697
0.106729      16.6667   -0.0872639      1.97121
0.111004      16.6667            0      5.00809
0.106729      16.6667    0.0872639      1.79176
0.0948519      16.6667     0.174528    0.0935845
0.0778812      16.6667     0.261792     0.591543
0.0590354      16.6667     0.349056      2.06537
0.0552892      16.3934    -0.349056      1.91987
0.0721256      16.3934    -0.261792     0.113233
0.0871439      16.3934    -0.174528      1.01915
0.0975889      16.3934   -0.0872639      2.78959
0.101337      16.3934            0      4.81762
0.0975889      16.3934    0.0872639      4.28033
0.0871439      16.3934     0.174528      4.48943
0.0721256      16.3934     0.261792       2.8888
0.0552892      16.3934     0.349056      5.77576
0.0517572       16.129    -0.349056      6.21353
0.0668068       16.129    -0.261792      5.85953
0.0801117       16.129    -0.174528      2.89975
0.0893101       16.129   -0.0872639      5.68563
0.0926009       16.129            0      2.42808
0.0893101       16.129    0.0872639      3.78875
0.0801117       16.129     0.174528      3.52048
0.0668068       16.129     0.261792      5.31441
0.0517572       16.129     0.349056      1.78943
0.0486562       15.873    -0.349056      4.16763
0.0621788       15.873    -0.261792      3.78399
0.0740328       15.873    -0.174528      4.12456
0.0821823       15.873   -0.0872639      1.94732
0.0850896       15.873            0      2.08372
0.0821823       15.873    0.0872639      1.18244
0.0740328       15.873     0.174528     0.632594
0.0621788       15.873     0.261792      1.80048
0.0486562       15.873     0.349056      2.22937
0.0460715       15.625    -0.349056      3.36619
0.0583209       15.625    -0.261792       6.2254
0.0689733       15.625    -0.174528     0.177043
0.0762577       15.625   -0.0872639      4.45799
0.0788496       15.625            0       5.6871
0.0762577       15.625    0.0872639      5.44001
0.0689733       15.625     0.174528     0.748741
0.0583209       15.625     0.261792      6.00199
0.0460715       15.625     0.349056      2.77018
0.0439959      15.3846    -0.349056       5.5024
0.0551964      15.3846    -0.261792      5.43449
0.0648631      15.3846    -0.174528      2.23141
0.0714402      15.3846   -0.0872639      3.96549
0.0737746      15.3846            0      5.43196
0.0714402      15.3846    0.0872639     0.131891
0.0648631      15.3846     0.174528     0.482662
0.0551964      15.3846     0.261792       2.3669
0.0439959      15.3846     0.349056     0.937384
0.0423682      15.1515    -0.349056     0.214231
0.0527048      15.1515    -0.261792      4.91487
0.0615619      15.1515    -0.174528      2.05608
0.0675595      15.1515   -0.0872639       5.1362
0.0696831      15.1515            0      1.09085
0.0675595      15.1515    0.0872639      4.24805
0.0615619      15.1515     0.174528       5.5014
0.0527048      15.1515     0.261792      4.75721
0.0423682      15.1515     0.349056      1.44274
0.0411031      14.9254    -0.349056      2.25524
0.0507209      14.9254    -0.261792      2.28176
0.058906      14.9254    -0.174528      1.68035
0.0644235      14.9254   -0.0872639      2.11927
0.0663726      14.9254            0     0.546374
0.0644235      14.9254    0.0872639      2.83715
0.058906      14.9254     0.174528      2.85665
0.0507209      14.9254     0.261792      0.18243
0.0411031      14.9254     0.349056      4.00291
0.0401113      14.7059    -0.349056      0.37358
0.04912      14.7059    -0.261792      1.06306
0.0567374      14.7059    -0.174528      4.30184
0.06185      14.7059   -0.0872639      3.48435
0.0636523      14.7059            0    0.0379231
0.06185      14.7059    0.0872639      1.81004
0.0567374      14.7059     0.174528      2.36625
0.04912      14.7059     0.261792     0.920416
0.0401113      14.7059     0.349056     0.468295
0.0393116      14.4928    -0.349056      2.89485
0.0477924      14.4928    -0.261792      2.32719
0.0549193      14.4928    -0.174528      5.18069
0.0596833      14.4928   -0.0872639      3.37734
0.0613593      14.4928            0      5.13645
0.0596833      14.4928    0.0872639      2.89257
0.0549193      14.4928     0.174528    0.0881745
0.0477924      14.4928     0.261792    0.0313095
0.0393116      14.4928     0.349056       1.0444
0.038637      14.2857    -0.349056      2.29919
0.0466491      14.2857    -0.261792      4.51252
0.053343      14.2857    -0.174528      1.00166
0.0578001      14.2857   -0.0872639      1.75152
0.0593651      14.2857            0      4.05215
0.0578001      14.2857    0.0872639       1.8045
0.053343      14.2857     0.174528      2.02269
0.0466491      14.2857     0.261792     0.976484
0.038637      14.2857     0.349056      2.43569
0.0380366      14.0845    -0.349056      5.62789
0.0456238      14.0845    -0.261792      5.57784
0.0519274      14.0845    -0.174528      2.47307
0.0561091      14.0845   -0.0872639       4.2439
0.0575747      14.0845            0      1.58466
0.0561091      14.0845    0.0872639      5.96877
0.0519274      14.0845     0.174528      3.92488
0.0456238      14.0845     0.261792      1.30025
0.0380366      14.0845     0.349056     0.688963
0.0374749      13.8889    -0.349056      3.55523
0.04467      13.8889    -0.261792      1.72364
0.0506162      13.8889    -0.174528     0.447131
0.054547      13.8889   -0.0872639     0.995537
0.0559221      13.8889            0     0.311136
0.054547      13.8889    0.0872639      4.27799
0.0506162      13.8889     0.174528      4.91177
0.04467      13.8889     0.261792      5.07268
0.0374749      13.8889     0.349056      1.66533
0.0369286      13.6986    -0.349056      5.62894
0.0437576      13.6986    -0.261792      3.81998
0.0493727      13.6986    -0.174528    0.0904805
0.0530722      13.6986   -0.0872639      2.16153
0.0543643      13.6986            0      3.35302
0.0530722      13.6986    0.0872639      3.94423
0.0493727      13.6986     0.174528      2.80685
0.0437576      13.6986     0.261792      5.09618
0.0369286      13.6986     0.349056     0.909954
0.0363843      13.5135    -0.349056      6.12485
0.0428686      13.5135    -0.261792      5.23851
0.0481747      13.5135    -0.174528      2.13686
0.0516595      13.5135   -0.0872639      3.87183
0.0528747      13.5135            0       1.9085
0.0516595      13.5135    0.0872639     0.560562
0.0481747      13.5135     0.174528      3.27675
0.0428686      13.5135     0.261792      5.18531
0.0363843      13.5135     0.349056      4.79975
0.0358349      13.3333    -0.349056      5.95402
0.0419934      13.3333    -0.261792      2.09568
0.0470098      13.3333    -0.174528      2.44873
0.0502943      13.3333   -0.0872639     0.945044
0.0514378      13.3333            0      2.09666
0.0502943      13.3333    0.0872639      3.47876
0.0470098      13.3333     0.174528       3.4575
0.0419934      13.3333     0.261792      1.00793
0.0358349      13.3333     0.349056     0.735673
0.0352777      13.1579    -0.349056      2.50409
0.0411275      13.1579    -0.261792      5.22358
0.0458716      13.1579    -0.174528      1.16236
0.0489687      13.1579   -0.0872639      3.14644
0.0500454      13.1579            0     0.793634
0.0489687      13.1579    0.0872639      5.43246
0.0458716      13.1579     0.174528      4.81683
0.0411275      13.1579     0.261792      3.54583
0.0352777      13.1579     0.349056      2.44766
0.0347126       12.987    -0.349056      3.07953
0.0402695       12.987    -0.261792      5.57242
0.0447573       12.987    -0.174528      5.68642
0.0476789       12.987   -0.0872639      3.13138
0.0486932       12.987            0      3.32513
0.0476789       12.987    0.0872639      5.71565
0.0447573       12.987     0.174528      3.63533
0.0402695       12.987     0.261792      4.87426
0.0347126       12.987     0.349056      4.15554
0.0341406      12.8205    -0.349056      2.95086
0.0394197      12.8205    -0.261792       1.3808
0.0436661      12.8205    -0.174528      3.78607
0.0464232      12.8205   -0.0872639       1.1577
0.0473791      12.8205            0      1.24095
0.0464232      12.8205    0.0872639       5.4159
0.0436661      12.8205     0.174528     0.789454
0.0394197      12.8205     0.261792      4.05618
0.0341406      12.8205     0.349056      2.74767
0.0335634      12.6582    -0.349056        3.849
0.038579      12.6582    -0.261792       4.6336
0.042598      12.6582    -0.174528       1.9055
0.0452008      12.6582   -0.0872639     0.269966
0.0461021      12.6582            0      5.24949
0.0452008      12.6582    0.0872639      2.32036
0.042598      12.6582     0.174528      4.15519
0.038579      12.6582     0.261792      5.62781
0.0335634      12.6582     0.349056      1.72216
0.0329828         12.5    -0.349056       6.2698
0.0377485         12.5    -0.261792      5.24224
0.0415533         12.5    -0.174528      4.97201
0.0440114         12.5   -0.0872639       4.1255
0.0448616         12.5            0       3.4159
0.0440114         12.5    0.0872639      2.42952
0.0415533         12.5     0.174528      5.16608
0.0377485         12.5     0.261792      3.74049
0.0329828         12.5     0.349056      4.91105
0.0324006      12.3457    -0.349056      6.20556
0.0369295      12.3457    -0.261792       4.9526
0.0405325      12.3457    -0.174528       5.3589
0.0428548      12.3457   -0.0872639      3.05111
0.0436571      12.3457            0      5.48981
0.0428548      12.3457    0.0872639      2.09756
0.0405325      12.3457     0.174528      1.29001
0.0369295      12.3457     0.261792      3.10605
0.0324006      12.3457     0.349056     0.196086
0.0318184      12.1951    -0.349056      5.19965
0.0361229      12.1951    -0.261792      1.66033
0.0395359      12.1951    -0.174528      4.25673
0.0417308      12.1951   -0.0872639      4.98785
0.0424883      12.1951            0      4.28403
0.0417308      12.1951    0.0872639      4.08872
0.0395359      12.1951     0.174528      1.49122
0.0361229      12.1951     0.261792      2.99953
0.0318184      12.1951     0.349056      5.88352
0.0312379      12.0482    -0.349056      1.51485
0.0353297      12.0482    -0.261792      1.31386
0.0385637      12.0482    -0.174528      1.71194
0.0406391      12.0482   -0.0872639      4.87446
0.0413545      12.0482            0      2.08226
0.0406391      12.0482    0.0872639      3.78912
0.0385637      12.0482     0.174528      1.15617
0.0353297      12.0482     0.261792     0.549504
0.0312379      12.0482     0.349056      1.94092
0.0306602      11.9048    -0.349056      1.45061
0.0345507      11.9048    -0.261792      5.71242
0.0376161      11.9048    -0.174528      5.88644
0.0395792      11.9048   -0.0872639     0.200295
0.0402552      11.9048            0      3.72988
0.0395792      11.9048    0.0872639     0.275305
0.0376161      11.9048     0.174528      2.66966
0.0345507      11.9048     0.261792       3.2771
0.0306602      11.9048     0.349056      5.27985
0.0300866      11.7647    -0.349056      3.92706
0.0337864      11.7647    -0.261792      1.60345
0.036693      11.7647    -0.174528      5.68418
0.0385507      11.7647   -0.0872639      4.82095
0.0391898      11.7647            0      3.53523
0.0385507      11.7647    0.0872639      5.63682
0.036693      11.7647     0.174528      2.31264
0.0337864      11.7647     0.261792      2.12196
0.0300866      11.7647     0.349056      3.88827
0.029518      11.6279    -0.349056     0.545964
0.0330373      11.6279    -0.261792      2.35925
0.0357942      11.6279    -0.174528      1.17732
0.0375529      11.6279   -0.0872639      5.09254
0.0381574      11.6279            0      4.54417
0.0375529      11.6279    0.0872639      4.23898
0.0357942      11.6279     0.174528      5.74255
0.0330373      11.6279     0.261792       5.1581
0.029518      11.6279     0.349056      3.44764
0.0289554      11.4943    -0.349056    0.0976478
0.0323038      11.4943    -0.261792     0.594914
0.0349196      11.4943    -0.174528      3.23423
0.0365853      11.4943   -0.0872639      5.98445
0.0371573      11.4943            0      5.29695
0.0365853      11.4943    0.0872639      5.87468
0.0349196      11.4943     0.174528      6.11595
0.0323038      11.4943     0.261792      2.34058
0.0289554      11.4943     0.349056      2.01622
0.0283994      11.3636    -0.349056      4.92115
0.031586      11.3636    -0.261792      1.33339
0.0340689      11.3636    -0.174528      6.02635
0.0356472      11.3636   -0.0872639      5.84465
0.0361887      11.3636            0      2.29788
0.0356472      11.3636    0.0872639      2.16708
0.0340689      11.3636     0.174528      4.35212
0.031586      11.3636     0.261792      4.50242
0.0283994      11.3636     0.349056      5.02856
0.0278506       11.236    -0.349056      3.73003
0.0308841       11.236    -0.261792     0.610551
0.0332417       11.236    -0.174528       3.5154
0.0347378       11.236   -0.0872639     0.270734
0.0352507       11.236            0       4.7602
0.0347378       11.236    0.0872639      4.14457
0.0332417       11.236     0.174528       3.7664
0.0308841       11.236     0.261792      1.42621
0.0278506       11.236     0.349056      4.48427
0.0273097      11.1111    -0.349056      4.55205
0.0301981      11.1111    -0.261792      2.16272
0.0324376      11.1111    -0.174528     0.205773
0.0338565      11.1111   -0.0872639      5.30044
0.0343425      11.1111            0       4.8398
0.0338565      11.1111    0.0872639      3.20211
0.0324376      11.1111     0.174528      4.44185
0.0301981      11.1111     0.261792      4.97095
0.0273097      11.1111     0.349056      2.07759
0.0267771       10.989    -0.349056      5.74062
0.0295282       10.989    -0.261792      3.62344
0.0316561       10.989    -0.174528      1.80893
0.0330023       10.989   -0.0872639      1.67671
0.0334631       10.989            0      5.59299
0.0330023       10.989    0.0872639      2.30021
0.0316561       10.989     0.174528     0.942547
0.0295282       10.989     0.261792      5.94578
0.0267771       10.989     0.349056       4.0892
0.0262531      10.8696    -0.349056      6.17125
0.0288741      10.8696    -0.261792      1.21786
0.0308969      10.8696    -0.174528      5.20699
0.0321747      10.8696   -0.0872639      3.10256
0.0326117      10.8696            0      3.71186
0.0321747      10.8696    0.0872639     0.282047
0.0308969      10.8696     0.174528      3.54649
0.0288741      10.8696     0.261792      3.98056
0.0262531      10.8696     0.349056      3.12956
0.0257379      10.7527    -0.349056     0.374615
0.0282358      10.7527    -0.261792      3.23677
0.0301594      10.7527    -0.174528     0.334224
0.0313727      10.7527   -0.0872639      5.30054
0.0317874      10.7527            0      3.73633
0.0313727      10.7527    0.0872639      4.34167
0.0301594      10.7527     0.174528      4.06653
0.0282358      10.7527     0.261792      3.91707
0.0257379      10.7527     0.349056      5.99309
0.0252319      10.6383    -0.349056      1.11174
0.0276131      10.6383    -0.261792      2.98383
0.029443      10.6383    -0.174528      5.29282
0.0305957      10.6383   -0.0872639      3.12242
0.0309893      10.6383            0      4.79019
0.0305957      10.6383    0.0872639      1.13017
0.029443      10.6383     0.174528      4.34546
0.0276131      10.6383     0.261792      5.74533
0.0252319      10.6383     0.349056      1.02198
0.0247352      10.5263    -0.349056      2.68973
0.0270058      10.5263    -0.261792     0.262955
0.0287473      10.5263    -0.174528      1.41836
0.0298428      10.5263   -0.0872639      4.18542
0.0302167      10.5263            0      5.47466
0.0298428      10.5263    0.0872639      2.16593
0.0287473      10.5263     0.174528     0.171222
0.0270058      10.5263     0.261792      5.68789
0.0247352      10.5263     0.349056      2.95968
0.0242478      10.4167    -0.349056      5.72045
0.0264137      10.4167    -0.261792       2.0607
0.0280717      10.4167    -0.174528       4.3422
0.0291133      10.4167   -0.0872639     0.109626
0.0294686      10.4167            0      3.21908
0.0291133      10.4167    0.0872639      2.08479
0.0280717      10.4167     0.174528      2.11179
0.0264137      10.4167     0.261792      5.98987
0.0242478      10.4167     0.349056      4.71543
0.02377      10.3093    -0.349056      2.09805
0.0258366      10.3093    -0.261792      3.97609
0.0274156      10.3093    -0.174528      2.61087
0.0284064      10.3093   -0.0872639      3.62215
0.0287442      10.3093            0      6.02854
0.0284064      10.3093    0.0872639      3.86937
0.0274156      10.3093     0.174528     0.946081
0.0258366      10.3093     0.261792      5.26685
0.02377      10.3093     0.349056       4.5625
0.0233017      10.2041    -0.349056     0.683881
0.0252742      10.2041    -0.261792      1.01377
0.0267786      10.2041    -0.174528      1.86612
0.0277215      10.2041   -0.0872639      2.66137
0.0280427      10.2041            0      3.32003
0.0277215      10.2041    0.0872639      1.72844
0.0267786      10.2041     0.174528      5.20205
0.0252742      10.2041     0.261792      4.98107
0.0233017      10.2041     0.349056      1.71996
0.022843       10.101    -0.349056      3.86841
0.0247262       10.101    -0.261792     0.638043
0.0261601       10.101    -0.174528      4.20938
0.0270577       10.101   -0.0872639      2.18269
0.0273633       10.101            0      4.20644
0.0270577       10.101    0.0872639      1.85538
0.0261601       10.101     0.174528      4.27513
0.0247262       10.101     0.261792      2.47408
0.022843       10.101     0.349056      2.46179
0.0223937           10    -0.349056      1.30035
0.0241924           10    -0.261792      4.55216
0.0255595           10    -0.174528       5.1477
0.0264143           10   -0.0872639      5.82102
0.0267052           10            0      3.23022
0.0264143           10    0.0872639      1.21352
0.0255595           10     0.174528      3.78803
0.0241924           10     0.261792      1.24517
0.0223937           10     0.349056       2.5785
0.021954       9.901    -0.34906      5.3599
0.023672       9.901    -0.26179      2.6959
0.024976       9.901    -0.17453      5.8159
0.025791       9.901   -0.087264       2.344
0.026068       9.901           0      4.3871
0.025791       9.901    0.087264      3.6983
0.024976       9.901     0.17453     0.63374
0.023672       9.901     0.26179      2.5911
0.021954       9.901     0.34906      5.8099
0.021524      9.8039    -0.34906     0.34902
0.023166      9.8039    -0.26179       2.413
0.02441      9.8039    -0.17453      1.5119
0.025186      9.8039   -0.087264      1.4313
0.02545      9.8039           0      2.2438
0.025186      9.8039    0.087264      5.8061
0.02441      9.8039     0.17453      3.1572
0.023166      9.8039     0.26179      5.0467
0.021524      9.8039     0.34906      2.2008
0.021103      9.7087    -0.34906      2.8819
0.022672      9.7087    -0.26179      5.9757
0.02386      9.7087    -0.17453     0.83553
0.0246      9.7087   -0.087264     0.44174
0.024852      9.7087           0      4.4363
0.0246      9.7087    0.087264      5.8539
0.02386      9.7087     0.17453     0.68422
0.022672      9.7087     0.26179      4.0946
0.021103      9.7087     0.34906     0.91771
0.020691      9.6154    -0.34906      4.3602
0.022192      9.6154    -0.26179      3.9307
0.023326      9.6154    -0.17453     0.27471
0.024032      9.6154   -0.087264      5.0134
0.024272      9.6154           0      6.1964
0.024032      9.6154    0.087264      2.7441
0.023326      9.6154     0.17453      2.1661
0.022192      9.6154     0.26179     0.30665
0.020691      9.6154     0.34906      1.4149
0.020288      9.5238    -0.34906      3.6505
0.021724      9.5238    -0.26179      3.7784
0.022807      9.5238    -0.17453      1.5866
0.023481      9.5238   -0.087264      4.1112
0.02371      9.5238           0     0.37758
0.023481      9.5238    0.087264      5.9092
0.022807      9.5238     0.17453     0.58137
0.021724      9.5238     0.26179      2.0984
0.020288      9.5238     0.34906      4.0905
0.019894       9.434    -0.34906      3.1661
0.021268       9.434    -0.26179      3.3358
0.022303       9.434    -0.17453       2.382
0.022947       9.434   -0.087264       4.831
0.023165       9.434           0       1.775
0.022947       9.434    0.087264      4.0794
0.022303       9.434     0.17453      5.7941
0.021268       9.434     0.26179      2.0776
0.019894       9.434     0.34906      5.1108
0.019509      9.3458    -0.34906      4.9487
0.020825      9.3458    -0.26179     0.78112
0.021814      9.3458    -0.17453     0.98887
0.022428      9.3458   -0.087264      2.6074
0.022637      9.3458           0      4.3185
0.022428      9.3458    0.087264      4.1324
0.021814      9.3458     0.17453      4.2723
0.020825      9.3458     0.26179    0.058976
0.019509      9.3458     0.34906     0.80805
0.019133      9.2593    -0.34906      4.7996
0.020392      9.2593    -0.26179      5.2898
0.021338      9.2593    -0.17453      4.6931
0.021926      9.2593   -0.087264      5.9344
0.022125      9.2593           0      5.7786
0.021926      9.2593    0.087264      1.4016
0.021338      9.2593     0.17453      3.2029
0.020392      9.2593     0.26179      4.9494
0.019133      9.2593     0.34906      3.2826
0.018766      9.1743    -0.34906      3.8791
0.019972      9.1743    -0.26179      3.5074
0.020877      9.1743    -0.17453      4.5928
0.021438      9.1743   -0.087264     0.39836
0.021628      9.1743           0      3.0962
0.021438      9.1743    0.087264      1.4446
0.020877      9.1743     0.17453      2.1198
0.019972      9.1743     0.26179      3.4659
0.018766      9.1743     0.34906      4.6726
0.018406      9.0909    -0.34906      2.5905
0.019562      9.0909    -0.26179      3.1894
0.020428      9.0909    -0.17453     0.81033
0.020964      9.0909   -0.087264      1.3498
0.021146      9.0909           0      1.8398
0.020964      9.0909    0.087264      2.8271
0.020428      9.0909     0.17453      1.5097
0.019562      9.0909     0.26179      1.6541
0.018406      9.0909     0.34906      5.6018
0.018055       9.009    -0.34906      3.6827
0.019162       9.009    -0.26179      5.8977
0.019991       9.009    -0.17453      3.8834
0.020505       9.009   -0.087264      1.5753
0.020678       9.009           0     0.64424
0.020505       9.009    0.087264      3.4328
0.019991       9.009     0.17453      2.7811
0.019162       9.009     0.26179      4.3447
0.018055       9.009     0.34906      4.7716
0.017712      8.9286    -0.34906      2.5096
0.018774      8.9286    -0.26179      3.5651
0.019567      8.9286    -0.17453      1.2917
0.020058      8.9286   -0.087264      5.9282
0.020225      8.9286           0       3.222
0.020058      8.9286    0.087264      1.7357
0.019567      8.9286     0.17453      1.4397
0.018774      8.9286     0.26179      5.9872
0.017712      8.9286     0.34906      4.3316
0.017377      8.8496    -0.34906      4.4476
0.018395      8.8496    -0.26179      4.1274
0.019155      8.8496    -0.17453      4.8943
0.019625      8.8496   -0.087264      3.6471
0.019784      8.8496           0      3.1618
0.019625      8.8496    0.087264      5.5211
0.019155      8.8496     0.17453      2.4689
0.018395      8.8496     0.26179      1.5245
0.017377      8.8496     0.34906      1.7695
0.01705      8.7719    -0.34906      5.6847
0.018026      8.7719    -0.26179      4.4149
0.018755      8.7719    -0.17453      5.3597
0.019205      8.7719   -0.087264      2.3793
0.019357      8.7719           0      3.9773
0.019205      8.7719    0.087264     0.19827
0.018755      8.7719     0.17453      5.7806
0.018026      8.7719     0.26179      2.9514
0.01705      8.7719     0.34906      3.2666
0.01673      8.6957    -0.34906      4.8147
0.017667      8.6957    -0.26179      2.1124
0.018365      8.6957    -0.17453      3.9331
0.018796      8.6957   -0.087264      2.0539
0.018942      8.6957           0      1.9547
0.018796      8.6957    0.087264      4.0593
0.018365      8.6957     0.17453      2.7249
0.017667      8.6957     0.26179     0.64644
0.01673      8.6957     0.34906      1.4837
0.016418      8.6207    -0.34906      6.1057
0.017317      8.6207    -0.26179      4.3912
0.017986      8.6207    -0.17453      4.1433
0.018399      8.6207   -0.087264      2.0489
0.018539      8.6207           0     0.12454
0.018399      8.6207    0.087264      3.5843
0.017986      8.6207     0.17453     0.22829
0.017317      8.6207     0.26179      1.6634
0.016418      8.6207     0.34906      1.1979
0.016113       8.547    -0.34906      2.8229
0.016976       8.547    -0.26179      4.8295
0.017618       8.547    -0.17453      3.9453
0.018013       8.547   -0.087264      1.9773
0.018147       8.547           0      1.8349
0.018013       8.547    0.087264     0.49157
0.017618       8.547     0.17453      1.0803
0.016976       8.547     0.26179      4.5318
0.016113       8.547     0.34906     0.56201
0.015814      8.4746    -0.34906      5.7666
0.016643      8.4746    -0.26179      2.6997
0.017259      8.4746    -0.17453      0.5009
0.017639      8.4746   -0.087264      3.5948
0.017767      8.4746           0       5.226
0.017639      8.4746    0.087264      2.1825
0.017259      8.4746     0.17453         4.9
0.016643      8.4746     0.26179      4.4505
0.015814      8.4746     0.34906      3.7129
0.015523      8.4034    -0.34906      2.3687
0.016319      8.4034    -0.26179      2.4744
0.01691      8.4034    -0.17453      2.6911
0.017274      8.4034   -0.087264      2.6579
0.017397      8.4034           0      1.3755
0.017274      8.4034    0.087264      3.1212
0.01691      8.4034     0.17453      0.2505
0.016319      8.4034     0.26179      3.5487
0.015523      8.4034     0.34906     0.30877
0.015239      8.3333    -0.34906      5.4805
0.016004      8.3333    -0.26179      5.4035
0.016571      8.3333    -0.17453      2.1253
0.01692      8.3333   -0.087264      6.1198
0.017038      8.3333           0      5.9989
0.01692      8.3333    0.087264      6.2115
0.016571      8.3333     0.17453     0.99094
0.016004      8.3333     0.26179    0.018336
0.015239      8.3333     0.34906      1.5593
0.014961      8.2645    -0.34906      2.1757
0.015696      8.2645    -0.26179      1.4661
0.016241      8.2645    -0.17453      4.7493
0.016576      8.2645   -0.087264      1.4195
0.016689      8.2645           0      2.8176
0.016576      8.2645    0.087264      1.6301
0.016241      8.2645     0.17453      2.1726
0.015696      8.2645     0.26179      5.6733
0.014961      8.2645     0.34906      0.0798
0.014689      8.1967    -0.34906     0.83076
0.015396      8.1967    -0.26179      2.4382
0.01592      8.1967    -0.17453      5.2816
0.016241      8.1967   -0.087264        1.34
0.01635      8.1967           0      5.8761
0.016241      8.1967    0.087264      6.0933
0.01592      8.1967     0.17453      2.3577
0.015396      8.1967     0.26179      6.1879
0.014689      8.1967     0.34906     0.76706
0.014424      8.1301    -0.34906      4.7811
0.015104      8.1301    -0.26179      3.6401
0.015607      8.1301    -0.17453      3.9027
0.015916      8.1301   -0.087264      3.0781
0.01602      8.1301           0      1.3851
0.015916      8.1301    0.087264      0.9056
0.015607      8.1301     0.17453      3.9908
0.015104      8.1301     0.26179      5.0416
0.014424      8.1301     0.34906      4.2074
0.014165      8.0645    -0.34906      2.9631
0.014819      8.0645    -0.26179      5.9342
0.015302      8.0645    -0.17453      3.7163
0.015599      8.0645   -0.087264      1.4247
0.015699      8.0645           0      4.2966
0.015599      8.0645    0.087264      2.0146
0.015302      8.0645     0.17453      4.7055
0.014819      8.0645     0.26179      6.2713
0.014165      8.0645     0.34906      1.6947
0.013912           8    -0.34906      5.8549
0.014541           8    -0.26179      4.3754
0.015006           8    -0.17453     0.59851
0.015291           8   -0.087264      1.5448
0.015387           8           0      5.8725
0.015291           8    0.087264      3.0145
0.015006           8     0.17453      5.5449
0.014541           8     0.26179      4.8963
0.013912           8     0.34906     0.11488
0.013664      7.9365    -0.34906      4.8427
0.01427      7.9365    -0.26179      4.3089
0.014717      7.9365    -0.17453      5.4516
0.014991      7.9365   -0.087264      3.6473
0.015083      7.9365           0      3.9338
0.014991      7.9365    0.087264     0.69834
0.014717      7.9365     0.17453      1.3426
0.01427      7.9365     0.26179     0.22851
0.013664      7.9365     0.34906      2.7931
0.013423       7.874    -0.34906      2.0519
0.014005       7.874    -0.26179      1.8051
0.014436       7.874    -0.17453      3.1192
0.014699       7.874   -0.087264      1.1417
0.014788       7.874           0       5.867
0.014699       7.874    0.087264      5.9072
0.014436       7.874     0.17453      3.7162
0.014005       7.874     0.26179   0.0050805
0.013423       7.874     0.34906      5.6736
0.013186      7.8125    -0.34906      4.2906
0.013748      7.8125    -0.26179     0.46401
0.014161      7.8125    -0.17453      6.2603
0.014415      7.8125   -0.087264      1.9757
0.0145      7.8125           0      5.0843
0.014415      7.8125    0.087264      2.8993
0.014161      7.8125     0.17453       3.689
0.013748      7.8125     0.26179      3.0007
0.013186      7.8125     0.34906      3.4711
